JD–2400000	VRad(m s-1)	sVRAD(m s-1)	instrument
50463.170532	-62.392648	1.094698	Hir94
50547.041979	-66.824052	1.162625	Hir94
50838.155046	-58.118143	1.083177	Hir94
50954.927072	-62.196527	1.611707	Hir94
51200.118542	-56.606370	1.244437	Hir94
51310.947894	-62.739236	1.342234	Hir94
51342.842697	-58.000749	1.440421	Hir94
51373.845752	-54.063974	1.705170	Hir94
51553.174931	-58.722490	1.341278	Hir94
51585.058889	-57.622674	1.253475	Hir94
51585.062211	-56.251009	1.074295	Hir94
51703.829317	-64.384492	1.528290	Hir94
51983.067211	-59.218408	1.260224	Hir94
52002.984468	-59.649179	1.534459	Hir94
52003.899780	-54.005151	1.594606	Hir94
52098.838889	-61.974870	1.496802	Hir94
52335.060926	-54.455705	1.606806	Hir94
52683.032083	-59.793268	1.414333	Hir94
52806.839028	-61.876863	1.401761	Hir94
53074.066076	-58.591081	1.416526	Hir94
53240.774907	-59.291619	1.307658	Hir04
53425.958519	-56.741327	1.095571	Hir04
55189.168023	-51.910210	1.339715	Hir04
55198.177045	-57.858668	1.252110	Hir04
55607.180741	-55.447984	1.349057	Hir04
56637.166368	-54.547319	1.239139	Hir04
57229.738007	-48.322216	1.392984	Hir04
57612.724090	-32.219934	1.585557	Hir04
57796.107041	-19.764130	1.579399	Hir04
57988.725442	-4.061648	1.439838	Hir04
57993.739204	1.146302	1.459851	Hir04
57999.730062	-4.512079	1.311267	Hir04
58000.720592	2.439873	1.601268	Hir04
58002.716376	-3.137703	1.382015	Hir04
58092.160216	14.181736	1.628734	Hir04
58114.157043	14.988655	1.482812	Hir04
58125.147447	11.990198	1.686766	Hir04
58141.153161	18.554466	1.559457	Hir04
58150.119419	18.930895	1.430189	Hir04
58151.092575	18.487893	1.582788	Hir04
58161.131304	14.017083	1.575427	Hir04
58194.990383	20.764779	1.646297	Hir04
58199.889569	15.132536	2.149324	Hir04
58199.934803	15.907585	1.764437	Hir04
58199.940439	17.886350	1.586934	Hir04
58199.941273	14.833442	1.782365	Hir04
58247.992214	19.137096	2.314738	Hir04
58247.994551	11.425376	2.029187	Hir04
58262.968641	13.252652	1.746716	Hir04
58266.969060	13.245693	1.708420	Hir04
58284.743481	13.307015	1.365440	Hir04
58294.750031	14.116891	1.469865	Hir04
58295.805898	15.207179	1.278000	Hir04
58298.814968	14.518460	1.605487	Hir04
58299.743009	7.636772	1.574127	Hir04
58300.742050	9.016614	1.444202	Hir04
58301.786364	10.472469	1.628692	Hir04
58303.811826	10.664436	1.576981	Hir04
58305.760743	14.293280	1.570782	Hir04
58307.848026	8.998902	1.755244	Hir04
58308.833223	11.668261	1.439493	Hir04
58336.739819	9.380956	1.659822	Hir04
58337.730334	8.732142	1.556368	Hir04
58344.726501	21.774751	1.698047	Hir04
58350.732319	18.094433	1.654455	Hir04
58364.717035	2.680509	1.768029	Hir04
58491.169882	3.553830	1.602823	Hir04
58509.092860	-5.096355	1.478208	Hir04
58533.106015	-5.669380	1.637994	Hir04
58560.050536	-4.194611	1.739040	Hir04
58567.051602	-10.602274	1.582906	Hir04
58569.921215	3.763585	1.679062	Hir04
58610.925706	-9.468378	1.597238	Hir04
58615.758959	-14.157898	1.897639	Hir04
58623.878938	-9.946527	1.184138	Hir04
58628.824588	-5.651684	1.292773	Hir04
58632.735080	-6.415653	1.330625	Hir04
58660.744630	-8.196434	1.680376	Hir04
58833.164434	-14.448768	1.356192	Hir04
58853.180137	-21.051211	1.332609	Hir04
58916.933085	-15.514654	1.531756	Hir04
56632.079257	-61.011638	3.408221	Apf
56668.031413	-49.946765	2.901361	Apf
56710.024580	-53.382252	2.934135	Apf
56757.893005	-35.682752	2.903293	Apf
57121.841516	-39.487559	3.298872	Apf
57121.850335	-42.599796	3.104610	Apf
57124.856241	-43.199511	2.766437	Apf
57125.842458	-35.357670	2.560065	Apf
57127.804088	-37.611465	3.224354	Apf
57130.872256	-42.434899	3.022857	Apf
57132.842921	-47.069458	2.827912	Apf
57135.822779	-43.522091	3.268779	Apf
57142.818096	-37.007727	2.978467	Apf
57143.796472	-45.595530	3.079709	Apf
57145.892359	-41.506512	3.147937	Apf
57148.728422	-36.737870	3.133415	Apf
57465.929703	-43.281441	3.328074	Apf
57495.860163	-33.933140	3.141272	Apf
57496.872493	-33.510180	3.073826	Apf
57498.778504	-34.806472	3.315808	Apf
57708.059429	-28.785169	3.496948	Apf
57797.061704	-18.907621	3.534511	Apf
57866.795248	-20.353393	3.872943	Apf
57866.826556	-12.878867	4.292169	Apf
57871.779211	-1.254794	3.863421	Apf
57872.738551	-5.161796	3.490199	Apf
57875.762286	-8.695578	3.947721	Apf
57900.783959	-7.795929	3.661572	Apf
58117.972272	24.319493	2.582371	Apf
58130.060515	25.189603	2.745103	Apf
58131.102977	26.848797	2.670696	Apf
58150.912616	28.202554	2.990550	Apf
58152.997747	23.963761	2.915731	Apf
58153.022495	23.042124	2.691129	Apf
58156.898036	18.769572	2.977245	Apf
58160.004750	19.286118	2.912747	Apf
58160.920985	26.041172	2.808555	Apf
58162.911452	15.184900	2.951767	Apf
58165.870431	18.411360	2.805811	Apf
58165.978356	15.058186	2.603476	Apf
58166.971977	26.173193	2.889197	Apf
58196.856526	15.892307	2.737018	Apf
58204.792909	26.890006	2.827871	Apf
58207.799826	19.022395	2.622195	Apf
58222.714310	15.559281	2.420223	Apf
58230.743405	19.277709	2.675875	Apf
58233.779385	20.559324	2.735160	Apf
58240.776553	27.095449	3.608317	Apf
58241.771152	19.182062	2.550246	Apf
58244.786144	15.319009	2.777537	Apf
58247.772546	17.681329	2.914742	Apf
58248.781082	15.104273	2.966003	Apf
58250.746275	21.512607	2.824611	Apf
58253.762651	20.431017	2.758427	Apf
58256.714203	20.993557	2.921380	Apf
58256.738229	16.922129	2.765885	Apf
58260.717153	24.392576	3.315191	Apf
58261.721736	14.446807	2.722008	Apf
58267.749299	17.861611	2.805193	Apf
58273.691063	19.818648	2.625935	Apf
58275.741607	22.562573	2.493327	Apf
58279.744229	21.797564	3.442641	Apf
58280.749891	16.621393	3.016883	Apf
58285.693264	14.032745	2.633469	Apf
58286.718687	24.440169	2.689994	Apf
58288.689933	14.576139	2.858706	Apf
58289.697289	18.958667	2.697560	Apf
58294.699122	14.662577	3.008186	Apf
58299.725024	16.700577	2.692522	Apf
58304.693701	19.692788	2.542790	Apf
58307.692392	17.718443	2.791060	Apf
58308.735188	14.484998	2.970370	Apf
58311.691497	13.604274	2.824576	Apf
58313.709329	13.947983	2.845245	Apf
58314.728700	20.191459	2.686484	Apf
58320.710385	18.886988	3.196715	Apf
58321.704355	17.398971	2.856227	Apf
58329.682844	14.946227	3.148957	Apf
58342.659138	11.498521	3.460863	Apf
58480.992166	17.892606	3.202780	Apf
58488.007888	3.260367	2.731537	Apf
58508.913931	9.543322	3.037058	Apf
58557.735964	8.621080	4.210714	Apf
58561.791269	10.123964	3.900612	Apf
58561.849744	-4.142554	2.852752	Apf
58574.886706	-5.000273	2.673169	Apf
58586.731011	0.094775	2.901603	Apf
58587.721277	8.291029	3.282278	Apf
58587.721277	8.291029	3.282278	Apf
58601.751180	-3.982634	2.708150	Apf
58601.751180	-3.982634	2.708150	Apf
58605.737672	1.210461	2.922691	Apf
58605.737672	1.210461	2.922691	Apf
58606.744876	-1.937445	2.540577	Apf
58606.744876	-1.937445	2.540577	Apf
58607.773188	-5.895810	2.530098	Apf
58611.721590	-5.601305	3.103078	Apf
58621.688905	-4.410073	4.012318	Apf
58649.700311	-4.165297	3.318566	Apf
58667.724681	-13.205980	2.745887	Apf
58675.776711	-10.556422	3.496625	Apf
58686.717653	-7.518603	3.385178	Apf
58881.960744	-16.396224	2.613330	Apf
58890.932772	-11.893897	2.757674	Apf
58915.047260	-10.381582	3.251396	Apf
58955.728075	-15.317716	2.481202	Apf
58966.892479	-19.401593	3.328063	Apf
51213.9789	-51.69	9.03	Tull
51241.8948	-35.6	4.08	Tull
51274.8541	-49.01	8.4	Tull
51329.7947	-36.45	4.72	Tull
51360.7319	-31.83	5.11	Tull
51557.9607	-28.2	3.31	Tull
51625.9672	-37.58	4.51	Tull
51658.7214	-17.31	4.77	Tull
51686.6428	-20.26	5.73	Tull
51689.729	-22.89	4.68	Tull
51752.6179	-21.91	4.46	Tull
51918.0135	-35.31	4.29	Tull
51949.9521	-31.72	7.83	Tull
52040.8379	-32.49	4.86	Tull
52117.6446	-27.63	5.32	Tull
52307.0238	-28.12	6.63	Tull
52326.9736	-17.79	5.18	Tull
52357.8628	-27.1	5.22	Tull
52386.8114	-3.79	4.19	Tull
52454.7389	-18.1	4.59	Tull
52474.68	-17.65	4.87	Tull
52805.7249	-32.69	4.99	Tull
52841.6429	-31.59	4.9	Tull
53075.892	-41.0	5.49	Tull
53161.6973	-8.22	6.17	Tull
53216.6431	-19.84	5.21	Tull
53565.666	-8.15	6.46	Tull
53806.9824	-34.88	4.61	Tull
53862.8008	-25.34	5.75	Tull
53910.6688	-28.14	4.78	Tull
54568.777	-34.54	6.54	Tull
54568.7873	-39.0	7.13	Tull
54908.9947	-16.47	5.42	Tull
55222.0197	-15.9	7.97	Tull
55280.8695	-37.65	4.79	Tull
55549.9976	-36.2	5.04	Tull
55647.7872	-25.08	4.22	Tull
55758.6553	-20.27	5.32	Tull
55989.9738	-15.86	5.28	Tull
56014.8135	-16.26	4.83	Tull
56015.7768	-33.94	5.34	Tull
56015.7993	-39.69	5.78	Tull
56015.8866	-25.8	5.23	Tull
56016.7777	-27.17	5.56	Tull
56016.791	-31.73	4.61	Tull
56017.7887	-31.57	4.58	Tull
56017.8926	-27.53	4.24	Tull
56018.8309	-23.97	5.25	Tull
56019.7931	-28.73	4.67	Tull
56019.8726	-23.89	4.55	Tull
56020.8211	-30.19	6.35	Tull
56021.772	-22.76	4.37	Tull
56021.9399	-28.17	4.3	Tull
56022.7169	-31.76	4.48	Tull
56022.9108	-19.29	4.28	Tull
56023.899	-28.64	4.26	Tull
56024.7328	-21.95	4.93	Tull
56025.7908	-30.42	5.96	Tull
56025.8063	-28.58	5.89	Tull
56048.7932	-14.73	5.04	Tull
56051.6925	-23.52	5.35	Tull
56052.784	-23.21	4.99	Tull
56054.6638	-19.28	5.93	Tull
56082.6943	-38.51	6.9	Tull
56082.7683	-32.99	6.58	Tull
56108.6952	-13.19	4.69	Tull
56114.6934	-20.03	7.08	Tull
56316.0302	-39.09	4.53	Tull
56317.0368	-26.46	4.62	Tull
56317.9957	-25.41	5.03	Tull
56318.9682	-23.15	6.96	Tull
56321.0449	-33.75	4.45	Tull
56371.9114	-23.08	4.72	Tull
56377.8526	-21.57	4.76	Tull
56377.8584	-30.89	4.23	Tull
56378.819	-20.21	4.83	Tull
56378.8263	-24.99	4.73	Tull
56401.9043	-26.01	4.34	Tull
56437.7115	-25.16	4.59	Tull
56437.7182	-16.64	5.17	Tull
56462.6832	-12.33	4.69	Tull
56467.649	-16.92	4.94	Tull
56644.0143	-11.75	5.42	Tull
56671.9842	-16.14	4.52	Tull
56674.9651	-25.28	4.42	Tull
56696.9518	-21.89	4.2	Tull
56697.96	-17.13	5.05	Tull
56726.9702	-25.83	4.69	Tull
56757.7899	-22.17	4.44	Tull
56759.8217	-25.7	4.77	Tull
56786.7331	-21.11	4.68	Tull
56815.6417	-27.66	4.52	Tull
56815.6472	-20.62	5.02	Tull
56841.6773	-10.3	5.06	Tull
56841.6833	-17.73	5.34	Tull
56859.6437	-5.73	4.86	Tull
56888.6206	-24.96	5.52	Tull
57057.9802	-23.14	4.64	Tull
57059.019	-28.64	4.99	Tull
57059.9242	-35.13	5.7	Tull
57061.9741	-24.96	4.75	Tull
57115.7961	-22.25	4.39	Tull
57120.7643	-23.8	4.39	Tull
57150.7747	-0.8	6.31	Tull
57152.7357	-14.08	4.39	Tull
57403.0333	-19.11	4.43	Tull
57435.0224	-7.84	4.27	Tull
57436.957	-7.97	4.32	Tull
57464.9376	-6.81	4.7	Tull
57493.8969	-13.23	4.44	Tull
57542.7727	-10.08	4.46	Tull
57796.8939	7.45	5.15	Tull
57802.9351	13.03	4.52	Tull
57833.7757	12.69	5.13	Tull
57833.7805	12.47	5.24	Tull
57847.875	15.97	4.74	Tull
57849.874	23.3	4.57	Tull
57891.8213	22.54	4.6	Tull
57892.8375	24.19	4.91	Tull
57921.748	35.41	4.03	Tull
57955.6442	30.94	5.31	Tull
57993.5966	12.16	5.49	Tull
58143.0284	51.06	4.72	Tull
58169.9259	59.61	4.7	Tull
58170.9165	51.11	5.42	Tull
58174.8881	55.79	5.25	Tull
58176.0322	49.6	6.5	Tull
58184.0313	53.35	4.49	Tull
58186.9158	59.19	4.79	Tull
58201.8406	45.02	4.47	Tull
58203.8749	45.24	4.46	Tull
58203.8874	49.46	5.59	Tull
58203.904	47.33	4.35	Tull
58213.7691	40.23	4.61	Tull
58214.8087	44.78	4.64	Tull
58216.9675	52.95	4.55	Tull
58261.8	54.49	4.78	Tull
58261.8076	48.73	4.54	Tull
58261.8156	38.3	4.72	Tull
58263.6177	39.01	4.87	Tull
58263.633	43.97	5.54	Tull
58263.6457	41.77	4.86	Tull
58264.6737	54.99	4.89	Tull
58264.681	56.81	5.06	Tull
58264.6883	55.86	4.88	Tull
58265.6693	44.31	5.09	Tull
58265.6782	44.37	4.85	Tull
58265.6872	49.0	4.99	Tull
58266.726	44.0	4.77	Tull
58267.722	49.18	4.61	Tull
58267.7316	48.34	4.59	Tull
58267.7422	45.64	4.92	Tull
58291.6321	61.01	4.33	Tull
58292.6254	58.77	4.3	Tull
58292.6329	55.14	4.58	Tull
58292.6403	56.61	4.38	Tull
58293.6207	56.5	4.38	Tull
58293.6288	51.34	4.01	Tull
58293.6367	49.11	4.6	Tull
58294.6246	55.84	4.46	Tull
58294.635	50.68	4.44	Tull
58319.6668	43.55	5.24	Tull
58321.6411	36.48	5.38	Tull
58322.6511	36.17	5.12	Tull
58329.6233	41.05	4.76	Tull
58329.635	43.35	4.46	Tull
58337.6132	51.13	4.87	Tull
58338.6123	46.34	5.01	Tull
58339.6427	45.53	7.1	Tull
58339.6561	48.75	5.07	Tull
58344.6162	42.09	4.74	Tull
58457.0188	35.03	5.03	Tull
58515.9249	6.86	6.28	Tull
58529.9499	27.31	5.4	Tull
58555.8666	25.65	5.15	Tull