JD–2400000	VRad(m s-1)	sVRAD(m s-1)	instrument
50463.162	19.0318	3.1	Hir94
50546.977	5.82358	2.7	Hir94
50838.124	-9.81886	2.7	Hir94
50954.891	-28.2798	2.7	Hir94
50955.851	-29.0574	2.8	Hir94
51227.056	-30.6795	2.9	Hir94
51311.883	-42.9408	8.2	Hir94
51342.817	-32.0488	2.7	Hir94
51367.765	-35.0539	2.3	Hir94
51371.749	-32.8409	2.8	Hir94
51372.752	-33.4615	2.7	Hir94
51373.754	-39.5277	3.0	Hir94
51582.050	-19.9703	3.6	Hir94
51679.882	-22.6980	2.9	Hir94
51702.883	-26.0960	2.7	Hir94
51972.083	-9.16290	3.3	Hir94
51982.117	-9.58160	2.9	Hir94
52002.967	0.00000	3.5	Hir94
52008.953	-6.13087	3.3	Hir94
52062.773	-6.79053	3.0	Hir94
52094.758	-6.95602	3.0	Hir94
52100.765	-3.43360	3.3	Hir94
52128.738	-5.66888	3.6	Hir94
52334.092	8.65721	3.6	Hir94
52364.010	17.3127	2.3	Hir94
52390.947	4.55621	3.1	Hir94
52445.785	11.8581	3.0	Hir94
52681.156	22.4985	3.2	Hir94
52712.025	21.4198	3.2	Hir94
52777.876	26.7895	3.1	Hir94
52804.778	40.0828	3.6	Hir94
52850.740	19.0017	2.7	Hir94
53015.162	23.8500	2.8	Hir94
53016.158	21.8146	3.0	Hir94
53017.147	23.4381	2.9	Hir94
53069.128808000125	20.600000	3.500000	Hir94
53071.945462999865	15.000000	3.100000	Hir94
53074.00639999984	16.500000	3.200000	Hir94
53077.00052100001	16.200000	2.800000	Hir94
53153.795531999785	14.800000	3.400000	Hir94
53179.81003500009	17.700000	3.200000	Hir94
53196.822095000185	16.500000	2.900000	Hir94
53049.32943091	-17344.671219750802	0.241470843225233	H03
55289.32391365	-17342.3706048608	0.268776913987528	H03
55290.18384994	-17343.4525519247	0.227965286835768	H03
55291.27125144	-17341.4813792031	0.288248760522371	H03
55323.08315305	-17339.595249235197	0.222638099434031	H03
55613.31602692	-17343.2368845534	0.306514946598307	H03
55616.30447053	-17345.3708140413	0.335631544026899	H03
55625.32315352	-17344.2324475262	0.263926824716993	H03
55630.27796191	-17346.2574139913	0.222928134592949	H03
55634.30373265	-17343.6325121856	0.259145351655609	H03
55657.20415062	-17343.4371514224	0.23532349845352	H03
55663.10786793	-17344.4465174092	0.366830577488419	H03
55677.15198108	-17349.107755678302	0.276521078938326	H03
55682.12350513	-17347.332076218598	0.320975767204597	H03
55682.12908442	-17346.5754931394	0.317179011551612	H03
55691.0709601	-17349.2229938416	0.291205799609173	H03
55730.1378087	-17349.671381132102	0.591503658295261	H03
55997.3631922	-17369.800981433	0.306531674595849	H03
56000.38869237	-17370.0305245952	0.266159283727945	H03
56004.24240774	-17372.1800252943	0.286437686669007	H03
56058.22405742	-17373.4197628603	0.309045675220405	H03
56062.08475835	-17374.609908294202	0.325815957599411	H03
56082.14591854	-17379.024686493998	0.417519816891827	H03
56087.1489426	-17377.9036158681	0.604985799977823	H03
56372.2530175	-17399.80991505	0.250797667697951	H03
56373.19051983	-17396.8849292635	0.304846796102429	H03
56374.32307439	-17397.249712484	0.292903201491721	H03
56700.23507452	-17395.3221285702	0.31105093168517	H03
56702.24083212	-17394.7827187224	0.359469576626203	H03
56739.27161836	-17394.9368286313	0.27096273911845	H03
56742.26043522	-17394.6471329077	0.265616334518253	H03
56746.28768833	-17390.753584871	0.384048098046731	H03
56759.25546565	-17391.2592811623	0.336134015311131	H03
56764.0734274	-17391.1448751685	0.259974186274436	H03
56765.09515343	-17390.5304064559	0.29495534595444	H03
56765.32885489	-17392.0921016399	0.278047550957992	H03
56766.09200675	-17391.5704762981	0.336762818104649	H03
56766.18175381	-17393.462732114902	0.292897842241413	H03
56767.05368512	-17392.0210482206	0.411380086153154	H03
56767.25671129	-17390.764692424298	0.36756951638501	H03
56768.0485058	-17390.9859049737	0.334356122281262	H03
56768.33562657	-17392.8449779199	0.39130582333668	H03
56787.07845041	-17392.4543194571	0.30718998694593	H03
56792.18326429	-17391.1463808018	0.285430605163841	H03
56807.22247708	-17385.4400952604	0.781487453157719	H03
56808.18130183	-17388.509706198798	0.516745766143374	H03
56809.14172549	-17387.3205297508	0.442513658915387	H03
56810.10726957	-17388.2865352684	0.382958690218927	H03
56811.13249863	-17386.9503887754	0.429752331439861	H03
56822.0645353	-17388.7726931994	0.498959296814763	H03
56822.17204908	-17390.433264736297	0.432165152617881	H03
56823.06180021	-17389.8537676309	0.490761722238124	H03
56824.05981099	-17390.398425306797	0.39088080094846	H03
56824.18174745	-17390.130956798403	0.377329790127133	H03
56825.1162313	-17390.0979421412	0.334871562110613	H03
56826.01892765	-17390.2436384549	0.36953745743656	H03
56827.01908237	-17390.894816641397	0.329082574062086	H03
56828.0395526	-17390.4039794766	0.37302462993859	H03
56836.95280789	-17389.542989225698	0.431645339125641	H03
56837.10603959	-17389.0769221888	0.463735876653095	H03
56838.0030082	-17389.2548748421	0.314576561773968	H03
56838.13464229	-17390.2762782203	0.382141468452606	H03
56838.98726223	-17388.3309755082	0.479436182695653	H03
56840.00522285	-17389.3850803461	0.375233933060637	H03
56841.06640109	-17389.391782930103	0.449028276872774	H03
56841.97267998	-17388.3442391393	0.36616466440572	H03
56858.02614332	-17386.8936882745	0.336184176777499	H03
56867.05057894	-17384.5093048084	0.597599779188289	H03
56869.99745853	-17388.5029581576	0.35768317355633	H03
56874.00091477	-17385.9050298938	0.439821083557294	H03
56874.02048082	-17385.5566609231	0.339977367425699	H03
57018.36292221	-17384.5942441157	0.284601252143946	H03
57044.36276538	-17382.4328933356	0.289613834266808	H03
57048.35723063	-17382.9682375496	0.319814742649155	H03
57115.27503924	-17379.1219669313	0.334603832296307	H03
57117.314895	-17378.0945499599	0.347080560085946	H03
57148.26320283	-17376.9856388332	0.379192019992335	H03
57197.14409419	-17357.2065464632	0.319714917424329	H15
57201.06388801	-17359.1569603371	0.437865525145934	H15
57428.29653871	-17346.2340104386	0.213361297810935	H15
57431.35799556	-17345.670053365102	0.250858479990099	H15
57504.25584869	-17341.9854281466	0.61382472978939	H15
57516.26512356	-17340.9830059365	0.508435402401942	H15
57523.25777636	-17341.104127253602	1.20847961700366	H15
57526.20425177	-17341.546098496197	0.228971166471526	H15
57568.12828095	-17336.3959820484	0.303071205260378	H15
57584.02624237	-17335.908230841098	0.339878977030684	H15
57585.98732805	-17339.3516951445	0.44305588802509	H15
57613.97501463	-17333.300436219	0.280287598316154	H15
58502.34411082	-17344.758558548	0.325120270850193	H15
58506.34299264	-17344.8886150206	0.190967885164243	H15
58520.34206157	-17344.410937417302	0.25610971987242	H15
58616.20053056	-17357.9694679021	0.550273291821446	H15
58616.20436654	-17357.9003031512	0.535775654210557	H15
58616.20819753	-17357.906057506	0.528021787884804	H15
58691.0921193	-17364.7862613644	0.37701812323987	H15