JD–2400000	VRad(m s-1)	sVRAD(m s-1)	instrument
50829.9937	-12.92	2.19	Hir94
51119.2511	-42.55	4.6	Hir94
51236.0336	-51.35	2.71	Hir94
51411.3257	-54.940000000000005	2.83	Hir94
51473.2677	-52.339999999999996	2.17	Hir94
51526.0812	-64.13000000000001	2.18	Hir94
51527.0828	-60.61	2.02	Hir94
51530.1287	-58.95	2.22	Hir94
51629.9124	-63.45	2.52	Hir94
51683.843	-69.61	2.3	Hir94
51828.1883	-37.46	2.11	Hir94
51919.0997	-10.370000000000001	3.32	Hir94
51921.1391	-13.6	2.25	Hir94
51983.9198	20.81	2.4099999999999997	Hir94
52060.8404	165.67000000000002	2.14	Hir94
52092.3374	239.67	2.17	Hir94
52093.3522	240.12	2.0500000000000003	Hir94
52127.3286	314.41	2.69	Hir94
52128.3364	314.71	1.98	Hir94
52130.339	316.85999999999996	3.14	Hir94
52151.2924	336.08	2.2	Hir94
52154.305	325.34999999999997	5.0	Hir94
52187.1966	311.37	1.91	Hir94
52188.2366	311.45	1.97	Hir94
52189.2226	307.78	1.72	Hir94
52190.1455	309.29	1.8699999999999999	Hir94
52387.8714	127.16	1.6199999999999999	Hir94
52510.3074	69.62	2.11	Hir94
52592.1264	46.199999999999996	1.61	Hir94
52599.1554	46.550000000000004	5.8	Hir94
52654.0993	44.3	2.26	Hir94
52708.9851	32.04	11.37	Hir94
52751.9185	16.17	2.06	Hir94
52944.2248	-14.99	1.96	Hir94
53004.0755	-6.33	1.9300000000000002	Hir94
53042.0787	-11.45	2.06	Hir94
53043.0181	-15.5	2.2300000000000004	Hir94
53047.0501	-10.959999999999999	2.16	Hir94
53048.0985	-20.7	1.73	Hir94
53245.3116	-42.42	2.5	Hir04
53402.0353	-35.4	0.92	Hir04
53669.244	-57.87	0.9700000000000001	Hir04
54012.2497	-4.68	0.95	Hir04
54039.1697	3.5100000000000002	1.1199999999999999	Hir04
54224.854	326.79999999999995	1.0399999999999998	Hir04
54336.3154	233.68	1.83	Hir04
54337.2922	238.0	1.57	Hir04
54372.2709	195.21	1.83	Hir04
54425.2248	157.70999999999998	1.36	Hir04
54545.9432	90.94	1.0399999999999998	Hir04
54841.0648	21.04	1.47	Hir04
54901.9414	7.1000000000000005	2.04	Hir04
54905.9923	4.5	1.6	Hir04
54906.9749	5.29	1.28	Hir04
55106.2401	-17.48	1.97	Hir04
55170.2379	-20.150000000000002	1.34	Hir04
55202.0552	-14.97	1.9200000000000002	Hir04
55252.97	-32.26	1.32	Hir04
55521.2013	-45.400000000000006	1.59	Hir04
55585.9968	-35.64	1.7	Hir04
55664.8584	-44.55	1.48	Hir04
55846.252	-48.01	1.52	Hir04
55898.1102	-46.730000000000004	1.28	Hir04
55899.1379	-49.53	1.48	Hir04
55962.0046	-35.37	1.27	Hir04
55965.0396	-37.580000000000005	1.3699999999999999	Hir04
55966.9802	-36.589999999999996	2.25	Hir04
56382.9076	296.41	1.46	Hir04
56558.2636	145.24	1.32	Hir04
56708.9621	73.76	1.91	Hir04
56769.8676	59.66	2.15	Hir04
56770.8867	72.12	2.0100000000000002	Hir04
56938.2419	28.23	2.69	Hir04
56969.1694	19.0	1.6900000000000002	Hir04
57054.9742	16.72	1.95	Hir04
57094.9653	7.57	1.6199999999999999	Hir04
57349.2184	-23.86	1.9400000000000002	Hir04
53001.8304	10659.99	1.4400000000000002	H03
53034.6073	10666.470000000001	0.78	H03
53289.8697	10644.82	1.25	H03
53289.8708	10642.77	1.09	H03
53289.8718	10644.65	1.07	H03
53289.8729	10644.94	1.13	H03
53289.8739	10645.22	1.15	H03
53289.875	10646.48	1.15	H03
53289.876	10645.91	1.1	H03
53289.8771	10647.15	1.09	H03
53289.8782	10644.92	1.1800000000000002	H03
53289.8792	10647.27	1.14	H03
53291.8721	10638.529999999999	1.55	H03
53291.8731	10641.220000000001	1.58	H03
53291.8742	10636.69	1.79	H03
53291.8752	10642.22	1.64	H03
53291.8763	10638.37	1.4400000000000002	H03
53291.8773	10637.81	1.45	H03
53291.8784	10638.09	1.6	H03
53291.8794	10639.92	1.4400000000000002	H03
53292.8677	10640.73	1.55	H03
53292.8688	10636.09	1.6	H03
53292.8698	10638.71	1.5399999999999998	H03
53292.8709	10639.41	1.59	H03
53292.8719	10636.33	1.6199999999999999	H03
53292.873	10636.4	1.5299999999999998	H03
53292.874	10640.83	1.58	H03
53292.8751	10639.54	1.7	H03
53294.8677	10637.29	1.6199999999999999	H03
53294.8688	10630.779999999999	1.9300000000000002	H03
53294.8699	10630.67	2.26	H03
53294.8709	10634.96	2.02	H03
53294.8719	10633.89	1.97	H03
53294.873	10638.65	1.89	H03
53294.8741	10634.48	1.82	H03
53294.8751	10634.72	1.96	H03
53296.8641	10637.740000000002	0.98	H03
53296.8651	10638.19	0.8899999999999999	H03
53296.8662	10635.89	0.92	H03
53296.8673	10635.12	0.92	H03
53296.8683	10638.57	0.94	H03
53296.8694	10639.32	0.92	H03
53296.8704	10638.220000000001	0.8899999999999999	H03
53296.8715	10635.439999999999	0.99	H03
53296.8726	10636.41	0.8899999999999999	H03
53296.8736	10638.87	0.95	H03
54047.7963	10689.289999999999	0.48000000000000004	H03
54049.7768	10686.24	0.51	H03
54051.7893	10689.769999999999	0.6	H03
54051.7939	10689.4	0.5599999999999999	H03
54053.8538	10693.25	0.3	H03
54053.8575	10691.800000000001	0.39	H03
54055.8425	10695.15	0.4	H03
54055.8473	10694.06	0.39	H03
55111.8704	10657.06	0.35	H03
55111.8759	10657.400000000001	0.32	H03
55115.8554	10658.53	0.53	H03
55115.861	10658.33	0.5599999999999999	H03
55123.8644	10655.300000000001	0.5	H03
55123.8685	10654.91	0.53	H03
55123.8724	10654.98	0.51	H03
55124.8595	10659.3	0.45	H03
55124.8627	10658.59	0.46	H03
55124.8662	10657.78	0.5	H03
55126.8301	10657.37	0.38	H03
55126.8339	10657.310000000001	0.37	H03
55126.8378	10658.75	0.36000000000000004	H03
55128.8596	10657.78	0.36000000000000004	H03
55128.8635	10659.800000000001	0.39	H03
55128.8673	10659.39	0.4	H03
55129.8586	10657.42	0.43	H03
55129.8619	10658.210000000001	0.45	H03
55129.8651	10656.83	0.51	H03
55133.8356	10657.460000000001	0.55	H03
55133.8414	10657.66	0.53	H03
55135.8146	10656.15	0.27999999999999997	H03
55135.8201	10656.76	0.29	H03
55138.8325	10659.050000000001	0.35	H03
55138.8378	10659.65	0.33	H03
55140.8049	10658.609999999999	0.4	H03
55140.8104	10658.88	0.36000000000000004	H03
55164.6598	10657.75	0.54	H03
55164.6631	10657.89	0.51	H03
55164.6664	10658.49	0.49	H03
55166.6152	10657.220000000001	0.36000000000000004	H03
55166.6185	10655.49	0.37	H03
55166.6218	10655.51	0.38	H03
55167.6346	10655.86	0.46	H03
55167.6372	10654.880000000001	0.45	H03
55167.6399	10656.66	0.47	H03
55167.6426	10656.82	0.47	H03
55168.6583	10655.65	0.39	H03
55168.661	10654.45	0.38	H03
55168.6637	10655.41	0.38	H03
55168.6664	10654.619999999999	0.39	H03
55169.6633	10658.03	0.47	H03
55169.6659	10656.57	0.47	H03
55169.6686	10658.27	0.49	H03
55169.6713	10657.56	0.46	H03
55279.4871	10645.9	0.49	H03
55279.4912	10645.88	0.55	H03
55279.4955	10644.9	0.5	H03
56619.7332	10782.03	0.44	H03
56619.7365	10779.99	0.42000000000000004	H03
56619.7397	10783.210000000001	0.41	H03
56623.7165	10779.19	0.5900000000000001	H03
56623.7201	10780.64	0.5900000000000001	H03
56623.7238	10778.800000000001	0.55	H03
56625.7589	10780.69	0.42000000000000004	H03
56625.7645	10780.2	0.44	H03
56628.7485	10776.9	0.53	H03
56628.7543	10777.52	0.5599999999999999	H03
56632.7204	10774.07	0.53	H03
56632.7257	10774.75	0.42000000000000004	H03
56700.5207	10754.189999999999	0.42000000000000004	H03
56700.5263	10754.77	0.43	H03
56721.5294	10742.48	0.42000000000000004	H03
56721.5352	10742.86	0.45	H03
56723.5057	10742.699999999999	0.45	H03
56723.5113	10743.48	0.47	H03
56725.5061	10746.320000000002	0.47	H03
56725.5114	10745.75	0.78	H03
56990.7343	10687.44	0.34	H03
56990.7399	10687.92	0.36000000000000004	H03
56994.7825	10688.24	0.46	H03
56994.7881	10689.26	0.46	H03
56998.682	10686.220000000001	0.3	H03
57002.7817	10688.140000000001	0.31	H03
57033.6369	10684.789999999999	0.25999999999999995	H03
57298.8532	10674.98	0.55	H15
57298.8582	10674.66	0.42000000000000004	H15
57327.7558	10674.42	0.34	H15
57354.7837	10667.400000000001	0.2	H15
57357.7259	10672.74	0.2	H15
57372.7051	10666.380000000001	0.39	H15
57372.709	10666.19	0.43	H15
57372.7128	10665.36	0.33	H15
57423.5918	10662.99	0.5	H15
57423.5979	10662.81	0.5	H15
57424.5866	10664.47	0.36000000000000004	H15
57424.5924	10664.300000000001	0.37	H15
57462.5179	10661.23	0.32	H15
57462.5235	10661.199999999999	0.31	H15
57464.4999	10661.619999999999	0.5	H15
57464.5038	10662.710000000001	0.39	H15
57464.5075	10661.12	0.38	H15
58383.8964	10994.490000000002	0.43	H15
58383.8995	10994.39	0.44	H15
58384.814	10998.699999999999	0.41	H15
58384.8171	11000.130000000001	0.43	H15
58385.8134	11003.130000000001	0.37	H15
58385.8165	11003.310000000001	0.37	H15
58385.8985	11003.57	0.34	H15
58385.9017	11003.91	0.34	H15
58386.8961	11003.880000000001	0.38	H15
58386.8993	11006.51	0.37	H15
58393.7901	11012.02	0.45	H15
58393.7933	11012.91	0.48000000000000004	H15
58393.7965	11011.77	0.51	H15
58396.8747	11017.03	0.61	H15
58396.8778	11019.0	0.7699999999999999	H15
58396.8811	11016.82	0.71	H15
58397.887	11018.82	0.5599999999999999	H15
58397.8902	11019.58	0.54	H15
58397.8933	11020.6	0.53	H15
58398.8927	11021.3	0.58	H15
58398.8955	11021.31	0.63	H15
58398.8988	11021.449999999999	0.87	H15
58405.8822	11025.51	1.3699999999999999	H15
58405.8853	11028.39	1.32	H15
58405.8884	11027.91	1.21	H15
58407.8498	11027.17	0.58	H15
58407.853	11028.21	0.6	H15
58407.8562	11028.81	0.67	H15
58415.7025	11032.23	0.5	H15
58415.7061	11033.68	0.49	H15
58415.7101	11033.519999999999	0.5199999999999999	H15
58415.7139	11031.94	0.46	H15
58415.7177	11033.099999999999	0.45	H15
58415.7215	11032.76	0.46	H15
58415.7735	11031.86	0.45	H15
58415.7774	11033.11	0.47	H15
58415.7814	11032.539999999999	0.45	H15
58415.785	11032.03	0.42000000000000004	H15
58415.7889	11031.44	0.41	H15
58415.7927	11032.130000000001	0.38	H15
58416.793	11035.09	0.98	H15
58416.7967	11033.24	1.23	H15
58416.8006	11034.63	0.92	H15
58424.8539	11035.25	0.51	H15
58424.8577	11034.9	0.48000000000000004	H15
58424.8614	11035.679999999998	0.51	H15
58424.8653	11034.19	0.54	H15
58425.8083	11031.96	0.37	H15
58425.8121	11031.599999999999	0.39	H15
58425.816	11032.18	0.39	H15
58425.8438	11032.57	0.38	H15
58425.8477	11031.62	0.37	H15
58425.8514	11032.05	0.38	H15
58425.8554	11031.53	0.38	H15
58425.8591	11033.23	0.39	H15
58425.863	11032.09	0.38	H15
58426.7951	11032.58	0.37	H15
58426.7989	11032.19	0.36000000000000004	H15
58426.8028	11031.380000000001	0.36000000000000004	H15
58426.8533	11031.050000000001	0.49	H15
58426.8569	11030.62	0.45	H15
58426.8612	11029.76	0.42000000000000004	H15
58427.7921	11031.0	0.37	H15
58427.7959	11030.33	0.38	H15
58427.7998	11031.43	0.38	H15
58427.8305	11031.21	0.34	H15
58427.8343	11029.769999999999	0.33	H15
58427.8382	11030.73	0.34	H15
58428.8147	11032.109999999999	0.38	H15
58428.8184	11032.6	0.37	H15
58428.8223	11032.529999999999	0.37	H15
58428.8399	11032.65	0.36000000000000004	H15
58428.8437	11032.98	0.34	H15
58428.8475	11032.74	0.36000000000000004	H15
58428.8519	11033.84	0.37	H15
58428.8557	11032.99	0.38	H15
58428.8596	11033.18	0.36000000000000004	H15
58436.7996	11033.14	0.66	H15
58436.8034	11032.98	0.61	H15
58436.8071	11032.58	0.61	H15
58438.804	11027.68	0.43	H15
58438.8078	11026.71	0.4	H15
58438.8116	11026.15	0.4	H15
58442.7713	11026.14	0.36000000000000004	H15
58442.7752	11025.779999999999	0.36000000000000004	H15
58442.779	11026.199999999999	0.37	H15
58447.7514	11020.960000000001	0.31	H15
58447.7553	11021.25	0.31	H15
58447.7591	11020.54	0.32	H15
58448.8555	11020.630000000001	0.39	H15
58448.8594	11020.849999999999	0.4	H15
58448.8631	11021.089999999998	0.4	H15
58451.782	11011.31	0.42000000000000004	H15
58451.7859	11012.0	0.44	H15
58451.7897	11012.140000000001	0.46	H15
58455.7669	11009.83	0.43	H15
58455.7707	11010.03	0.41	H15
58455.7746	11009.800000000001	0.43	H15
58467.7659	10994.640000000001	0.42000000000000004	H15
58467.7697	10993.28	0.4	H15
58467.7735	10994.77	0.4	H15
58473.7348	10985.960000000001	0.33	H15
58473.7386	10985.939999999999	0.32	H15
58473.7442	10986.039999999999	0.34	H15
58473.7479	10985.47	0.34	H15
58473.7518	10985.88	0.33	H15
58484.7341	10970.2	0.38	H15
58484.738	10969.75	0.39	H15
58486.6897	10968.0	0.54	H15
58486.6934	10968.32	0.5199999999999999	H15
58487.6801	10968.59	0.34	H15
58487.684	10968.730000000001	0.35	H15
58488.6917	10966.1	0.44	H15
58488.6955	10967.19	0.45	H15
58489.7051	10964.37	0.61	H15
58489.7092	10965.199999999999	0.61	H15
58490.7356	10958.529999999999	0.57	H15
58490.7395	10959.07	0.53	H15
58491.6539	10962.68	0.41	H15
58491.7025	10961.970000000001	0.46	H15
58508.584	10941.369999999999	0.5199999999999999	H15
58508.5877	10941.77	0.51	H15
58508.5916	10941.64	0.5	H15
58535.5708	10911.78	0.41	H15
58535.5746	10911.289999999999	0.44	H15
58591.4688	10865.39	0.53	H15
58591.4726	10865.81	0.53	H15
58591.4765	10865.89	0.51	H15
58626.4568	10839.140000000001	0.7	H15
58626.4606	10840.32	0.68	H15
58626.4658	10840.27	0.74	H15
58626.4697	10838.88	0.68	H15
58767.8287	10776.130000000001	0.44	H15
58767.8325	10775.77	0.44	H15
58767.8362	10775.34	0.41	H15
58856.7783	10751.150000000001	0.7200000000000001	H15