JD–2400000	VRad(m s-1)	sVRAD(m s-1)	instrument
50207.3325	27290.918715	6.828903	ELODIE
50208.3345	27249.918484	7.171326	ELODIE
50209.335	27236.918254	7.051480	ELODIE
50210.3319	27228.918024	6.754851	ELODIE
50380.6941	27359.078796	7.949186	ELODIE
50447.6526	27296.663378	7.067310	ELODIE
50477.5717	27304.656488	6.618586	ELODIE
50478.477	27325.656280	6.663066	ELODIE
50479.4619	27347.656053	6.621972	ELODIE
50533.4064	27216.743632	6.884338	ELODIE
50535.4471	27254.743162	6.678913	ELODIE
50559.345	27267.137659	6.979454	ELODIE
50561.321	27229.137204	6.934295	ELODIE
50732.6728	27339.697748	7.039933	ELODIE
50735.6859	27246.697054	8.672580	ELODIE
50766.6945	27226.789914	6.967527	ELODIE
50795.6295	27223.883251	7.814009	ELODIE
50821.5603	27303.777280	6.774394	ELODIE
50824.5615	27226.776589	6.876890	ELODIE
50858.4275	27287.968791	6.733000	ELODIE
50860.481	27350.968318	6.767375	ELODIE
50885.4374	27214.762571	6.832344	ELODIE
50890.5199	27348.761401	7.922865	ELODIE
50940.3384	27258.249930	6.940480	ELODIE
51152.6836	27292.101034	8.720638	ELODIE
51240.5511	27301.680801	6.977785	ELODIE
51300.3589	27340.467030	6.984973	ELODIE
51505.6846	27319.219750	7.694260	ELODIE
51543.5995	27164.611020	7.014532	ELODIE
51559.5868	27191.707338	6.811915	ELODIE
51561.5149	27246.706895	7.622722	ELODIE
51585.5014	27202.001371	13.15422	ELODIE
51588.437	27178.000695	7.276626	ELODIE
51623.3741	27315.392651	7.166276	ELODIE
51655.3197	27299.585295	7.289685	ELODIE
51691.3365	27178.977001	7.088500	ELODIE
51882.6941	27200.332938	6.966566	ELODIE
51883.6628	27234.332715	7.020871	ELODIE
51953.562	27135.416620	7.359004	ELODIE
51979.4519	27229.110658	7.132490	ELODIE
52252.678	27294.347744	8.562824	ELODIE
52722.4014	27303.839583	7.449769	ELODIE
52747.3695	27186.633834	6.787129	ELODIE
52748.3451	27215.633609	6.873633	ELODIE
52753.3701	27287.632452	7.036018	ELODIE
52774.3355	27173.627625	7.597872	ELODIE
52776.352	27200.627160	6.864669	ELODIE
52777.3871	27212.626922	6.880851	ELODIE
52778.3426	27259.626702	6.757956	ELODIE
52989.6545	27254.678044	8.809603	ELODIE
52993.619	27160.677131	7.591244	ELODIE
52995.6266	27179.676669	7.285554	ELODIE
52996.5736	27220.676451	7.471801	ELODIE
52997.5803	27230.676219	7.017095	ELODIE
53034.4559	27227.367728	8.311283	ELODIE
53059.4957	27313.561962	7.555673	ELODIE
53062.5117	27266.561268	7.905782	ELODIE
53361.6431	27202.992388	7.577363	ELODIE
53421.5092	27269.378603	8.016251	ELODIE
53425.4933	27357.377686	7.705664	ELODIE
53428.4756	27330.376999	8.388507	ELODIE
47578.730000	7.238705	9.697116	Lick
47847.043700	-14.517170	8.377284	Lick
48017.683900	12.292850	11.358860	Lick
48017.692000	13.589458	10.014380	Lick
48375.669200	-49.803673	8.789368	Lick
48646.001100	5.359524	8.052186	Lick
48670.760500	-70.316933	10.261221	Lick
48906.036100	-34.518364	7.174066	Lick
48991.963600	-26.461174	7.417444	Lick
48992.890500	-39.924149	7.196379	Lick
49114.728600	32.382221	9.151322	Lick
49305.998100	58.646339	11.778338	Lick
49306.019600	67.061996	10.934993	Lick
49306.040900	67.249115	10.430037	Lick
49349.844900	74.597153	9.173875	Lick
49350.927000	94.492477	8.973574	Lick
49469.647800	118.803505	8.961187	Lick
49676.063200	120.580284	4.837769	Lick
49767.774414	9.675926	4.390048	Lick
49768.832031	-10.314996	4.806745	Lick
49793.797852	102.254997	2.701940	Lick
50056.988281	107.721031	3.171446	Lick
50087.881836	63.901920	3.720578	Lick
50088.918945	23.488722	2.762173	Lick
50089.005859	24.633574	2.838055	Lick
50089.776367	-3.705192	2.853895	Lick
50089.986328	-3.614681	2.793617	Lick
50090.745117	-18.719385	2.510258	Lick
50090.892578	-21.501303	3.094613	Lick
50091.848633	-45.666748	2.833007	Lick
50091.969727	-47.840870	2.896388	Lick
50120.861328	-29.128033	5.730991	Lick
50120.883789	-33.299107	5.573271	Lick
50121.876953	-30.607817	4.353287	Lick
50121.899414	-23.502298	4.219082	Lick
50124.844727	24.253927	4.826174	Lick
50124.870117	22.148510	4.642918	Lick
50125.766602	41.814133	5.295935	Lick
50125.789062	47.980854	5.425213	Lick
50126.831055	78.100769	6.657607	Lick
50126.851562	63.983959	10.063250	Lick
50127.839844	92.972542	5.290376	Lick
50127.863281	92.761185	5.281039	Lick
50128.856445	102.128342	4.895257	Lick
50128.878906	109.623329	5.136468	Lick
50144.703125	117.128143	3.868559	Lick
50144.716797	113.404633	3.999982	Lick
50144.845703	104.532471	4.063416	Lick
50144.861328	103.771629	4.335227	Lick
50145.625000	94.628517	2.854677	Lick
50145.764648	91.270508	2.942051	Lick
50148.874023	16.977591	7.486911	Lick
50148.898438	16.019566	6.155006	Lick
50150.736328	-31.283802	4.685443	Lick
50150.759766	-14.073228	4.724818	Lick
50152.668945	-25.259457	5.962114	Lick
50168.749023	7.662113	7.928647	Lick
50171.725586	82.432114	6.920481	Lick
50171.749023	91.918587	6.134196	Lick
50172.678711	94.520813	5.474523	Lick
50172.701172	119.833015	6.095933	Lick
50173.714844	103.659752	5.035490	Lick
50173.737305	91.574547	5.110240	Lick
50179.727539	-31.103809	2.896969	Lick
50179.744141	-33.611389	3.665307	Lick
50180.688477	-30.474590	2.910736	Lick
50181.633789	-30.966633	2.814114	Lick
50186.726562	117.230438	6.510184	Lick
50186.750000	115.975822	6.830504	Lick
50187.674805	114.161423	7.835161	Lick
50187.699219	107.743256	7.605895	Lick
50199.671875	86.375198	4.725071	Lick
50199.694336	82.285446	5.549356	Lick
50200.689453	100.290810	5.762758	Lick
50200.711914	122.962967	5.111323	Lick
50201.676758	108.425110	5.913500	Lick
50201.698242	121.805893	6.679626	Lick
50202.678711	129.786224	4.269257	Lick
50202.701172	134.471588	4.783077	Lick
50203.675781	138.521301	5.981365	Lick
50203.698242	121.808403	6.265816	Lick
50214.675781	71.248802	5.541594	Lick
50214.698242	76.269501	5.096343	Lick
50215.661133	92.962318	7.026159	Lick
50215.682617	86.903374	5.866288	Lick
50233.679688	102.842133	6.945608	Lick
50233.702148	114.126671	7.246665	Lick
50422.005859	97.791908	2.629072	Lick
50437.924805	102.970322	3.413706	Lick
50437.931641	100.019188	3.013164	Lick
50441.954102	-4.310426	2.833715	Lick
50502.773438	-30.227816	4.315728	Lick
50502.786133	-34.192863	3.540555	Lick
50503.755859	-37.275047	3.204096	Lick
50503.771484	-38.523052	3.233070	Lick
50504.765625	-13.212454	3.336210	Lick
50504.781250	-13.661909	3.225409	Lick
50536.760742	38.660007	6.358783	Lick
50536.785156	28.986074	6.473245	Lick
50537.751953	60.671841	4.653241	Lick
50537.775391	68.645218	4.286960	Lick
50550.704102	42.708412	5.108684	Lick
50550.727539	43.662205	5.656025	Lick
50550.751953	51.087959	5.952779	Lick
50563.706055	2.393648	6.361314	Lick
50563.729492	-11.710246	5.745141	Lick
50614.687500	74.307060	3.910991	Lick
50614.702148	67.838402	4.462648	Lick
50793.902344	-32.201595	2.706992	Lick
50794.961914	-39.514622	2.849529	Lick
50831.931641	86.584274	3.111140	Lick
51153.033203	48.059231	4.260204	Lick
51155.018555	66.478554	3.944980	Lick
51206.877930	-62.649212	3.661931	Lick
51212.916992	74.807983	5.124781	Lick
51212.939453	68.480957	5.725907	Lick
51213.875000	80.403069	5.309423	Lick
51213.894531	75.109039	5.685506	Lick
51242.740234	63.880295	4.092220	Lick
51298.721574	14.262691	3.425000	Lick
51305.708008	-6.993778	4.247174	Lick
51469.052734	-70.378235	5.951177	Lick
51532.996094	22.378855	4.048342	Lick
51535.006836	51.012909	4.911196	Lick
51536.949219	51.755104	3.673536	Lick
51540.007812	-25.780617	4.132350	Lick
51581.837891	32.545456	5.377285	Lick
51581.866211	33.209637	6.974688	Lick
51607.818359	22.885353	5.814704	Lick
51607.840820	32.119579	6.935950	Lick
51626.734375	-0.413327	3.973589	Lick
51629.805664	-95.390541	3.944825	Lick
51840.048828	-31.962440	5.091927	Lick
51842.021484	18.766521	4.770778	Lick
51842.048828	27.167244	4.478838	Lick
51860.056641	14.333976	4.054043	Lick
51861.037109	-22.658272	3.318407	Lick
51874.005859	30.854361	5.167162	Lick
51880.009766	-101.673882	6.057916	Lick
51880.033203	-110.245605	7.384249	Lick
51894.991211	-115.026588	5.942929	Lick
51895.020508	-111.375229	6.030114	Lick
51906.946289	-79.497978	5.148577	Lick
51906.975586	-86.692581	5.301993	Lick
51910.881836	-107.643547	5.120064	Lick
51910.911133	-104.536720	5.315568	Lick
51913.961914	-24.137468	3.781587	Lick
51913.968750	-28.858757	3.589096	Lick
51914.922852	-6.744915	3.824945	Lick
51914.929688	-11.807675	3.826661	Lick
51927.905382	-32.642113	4.001867	Lick
51927.912315	-25.654341	4.213053	Lick
51945.900391	20.700109	3.450679	Lick
51945.911133	17.761448	3.000907	Lick
51969.774414	-79.743149	6.946860	Lick
51969.799805	-64.340096	5.868185	Lick
51971.791992	-5.085668	6.126071	Lick
51971.822266	-30.883327	6.195034	Lick
51979.736328	-49.364422	5.483918	Lick
51979.764648	-52.373505	6.648934	Lick
52000.714844	-53.944214	5.384370	Lick
52033.706055	28.878401	3.607990	Lick
52033.713867	31.045641	3.669231	Lick
52040.687500	-109.582344	3.660617	Lick
52040.692383	-105.375748	3.904767	Lick
52041.694336	-117.236069	3.206018	Lick
52041.704102	-117.781479	3.862920	Lick
52217.044922	-139.425095	5.668984	Lick
52257.019531	-23.994745	4.871215	Lick
52257.049805	-27.714109	5.398288	Lick
52262.973633	-88.384789	5.125208	Lick
52263.002930	-97.650352	5.294166	Lick
52267.957031	22.079498	3.083692	Lick
52267.967773	19.087772	2.890129	Lick
52278.921875	-59.217876	6.633227	Lick
52278.951172	-60.750858	6.678775	Lick
52281.980469	20.736834	6.938950	Lick
52285.975586	-1.510119	5.636398	Lick
52286.003906	2.694815	5.765730	Lick
52287.942383	-72.352730	7.731105	Lick
52287.970703	-52.932148	7.436766	Lick
52298.848633	20.457155	3.666466	Lick
52298.878906	14.233582	3.742463	Lick
52298.929688	16.334713	3.077187	Lick
52298.939453	17.760170	2.931467	Lick
52299.767578	6.414680	2.965810	Lick
52299.780273	9.376768	2.833684	Lick
52306.775391	-121.969238	6.128861	Lick
52306.803711	-127.904846	4.960582	Lick
52306.832031	-106.979759	4.973375	Lick
52315.772461	-37.471161	4.523506	Lick
52315.801758	-37.772072	4.265182	Lick
52315.832031	-38.765644	4.338900	Lick
52316.827148	-62.399410	4.868334	Lick
52316.857422	-58.762257	5.161998	Lick
52316.886719	-63.770657	5.181421	Lick
52333.813477	-110.093803	3.846622	Lick
52333.819336	-113.492905	4.050638	Lick
52334.730469	-115.383522	3.675340	Lick
52335.782227	-97.107841	3.347275	Lick
52335.796875	-96.613220	3.606549	Lick
52338.832031	-20.601807	7.805723	Lick
52345.742188	-53.771481	6.469632	Lick
52345.783203	-67.222740	7.840315	Lick
52345.808594	-56.833595	4.875736	Lick
52348.746094	-141.795517	5.590048	Lick
52348.776367	-144.850128	5.643642	Lick
52348.810547	-135.294022	5.766219	Lick
52359.814453	-54.563602	3.626213	Lick
52360.691406	-70.264351	5.052783	Lick
52375.723633	-55.986450	4.510316	Lick
52375.753906	-59.824215	5.723360	Lick
52380.680664	-88.437553	6.961443	Lick
52380.710938	-91.129318	5.634405	Lick
52388.672852	-39.780621	4.040090	Lick
52388.705078	-32.780014	3.792050	Lick
52408.693359	-112.018967	3.866345	Lick
52408.715820	-117.986557	4.421941	Lick
52408.738281	-119.894432	4.433104	Lick
52409.694336	-104.903091	5.836376	Lick
52409.715820	-98.328873	6.385628	Lick
52409.739258	-82.766312	7.436270	Lick
52410.686523	-84.678856	4.451922	Lick
52410.708984	-59.972145	4.668204	Lick
52410.731445	-70.570511	6.081078	Lick
52419.694336	-72.850861	4.724608	Lick
52419.716797	-63.206398	4.936140	Lick
52419.739258	-66.525658	5.256346	Lick
52420.692383	-77.930557	4.033069	Lick
52420.715820	-95.824089	4.304662	Lick
52420.738281	-103.760956	4.826637	Lick
52421.691406	-123.228584	4.459074	Lick
52421.713867	-122.849586	4.363036	Lick
52421.736328	-123.238739	5.135203	Lick
52422.702148	-97.605453	5.757083	Lick
52422.722656	-112.389015	4.699372	Lick
52422.741211	-121.081711	6.059437	Lick
52426.726562	-37.724281	3.316653	Lick
52426.735352	-43.723236	3.302263	Lick
52427.692383	-9.867977	4.111110	Lick
52427.704102	-1.440512	5.053730	Lick
52428.696289	5.301841	3.241440	Lick
52428.708984	8.685999	2.981065	Lick
52429.703125	13.601074	3.225134	Lick
52429.715820	14.440878	3.688059	Lick
52553.018555	-88.176552	3.770756	Lick
52553.041016	-90.824509	3.820400	Lick
52554.015625	-104.007820	3.938559	Lick
52554.038086	-99.089531	3.834518	Lick
52554.980469	-108.217773	4.043379	Lick
52555.002930	-116.262802	3.729766	Lick
52565.003906	-27.187778	4.126450	Lick
52565.034180	-40.527744	3.885802	Lick
52567.049805	-89.111000	4.459639	Lick
52575.044922	2.196997	3.892318	Lick
52576.030273	17.748577	3.266728	Lick
52576.057617	21.267128	3.931993	Lick
52576.958984	25.140945	5.303351	Lick
52576.982422	6.188801	4.686945	Lick
52577.003906	13.180706	4.520806	Lick
52584.984375	-101.870033	4.059760	Lick
52585.015625	-94.410744	4.100822	Lick
52585.043945	-102.281761	3.700920	Lick
52594.990234	-52.429642	3.152087	Lick
52595.012695	-66.484604	3.259735	Lick
52595.035156	-50.390259	3.201720	Lick
52598.966797	-98.535347	3.613175	Lick
52598.981445	-97.105659	3.701123	Lick
52598.997070	-96.881577	3.411777	Lick
52599.014648	-104.359726	3.699128	Lick
52600.938477	-66.359245	3.830796	Lick
52600.950195	-57.109730	3.687401	Lick
52600.962891	-56.307140	3.254065	Lick
52600.975586	-57.326702	3.574009	Lick
52600.988281	-72.871872	3.478948	Lick
52601.000000	-55.295052	3.849414	Lick
52606.953125	21.640898	3.434076	Lick
52606.975586	20.966835	3.670073	Lick
52606.999023	14.110944	3.595920	Lick
52607.021484	26.034420	3.445845	Lick
52608.936523	-41.037601	3.907368	Lick
52608.959961	-32.771088	3.275181	Lick
52608.982422	-40.096867	3.416967	Lick
52631.913086	-4.424739	4.575436	Lick
52631.934570	-11.596699	4.381116	Lick
52631.958008	-15.092405	4.928929	Lick
52656.925781	-139.502335	3.493766	Lick
52656.949219	-118.291634	3.948504	Lick
52656.971680	-124.449524	3.371228	Lick
52705.724609	-18.223917	4.179830	Lick
52705.747070	-20.456879	3.885243	Lick
52705.769531	-21.199236	4.056618	Lick
52705.791992	-22.863134	4.232703	Lick
52722.715820	28.205088	4.827239	Lick
52722.739258	12.067932	5.098609	Lick
52722.762695	12.225593	5.001790	Lick
52722.784180	26.834221	5.864285	Lick
52723.722656	11.810992	4.678690	Lick
52723.746094	10.319655	4.858206	Lick
52723.769531	8.938580	4.896806	Lick
52723.791016	11.360250	4.741174	Lick
52737.680664	26.942230	3.397412	Lick
52737.702148	37.968460	3.758690	Lick
52737.725586	24.323450	3.905454	Lick
52990.989258	-57.089478	3.258720	Lick
52992.011719	-73.270103	3.493576	Lick
52992.027344	-61.701340	3.311371	Lick
53008.968750	-104.685829	3.281861	Lick
53008.977539	-112.529533	3.159779	Lick
53009.817383	-104.282974	3.486797	Lick
53009.829102	-103.329865	3.386033	Lick
53014.909180	24.878067	3.472927	Lick
53014.924805	19.731079	3.870912	Lick
53018.881836	-33.812309	4.174465	Lick
53020.906250	-97.697685	5.787437	Lick
53021.888854	-123.616638	4.420410	Lick
53034.849609	-39.636440	3.689476	Lick
53068.800781	-78.699661	3.910809	Lick
53068.808594	-81.156471	3.954513	Lick
53069.746094	-66.494560	3.933748	Lick
53079.725586	-67.280235	4.083599	Lick
53079.748047	-56.196243	3.706452	Lick
53081.737305	-99.309418	4.373104	Lick
53100.693359	-21.818148	3.946473	Lick
53100.716797	-23.174164	4.672493	Lick
53101.670898	5.650116	3.877032	Lick
53101.676758	9.528147	3.555089	Lick
53102.718750	34.338158	2.807599	Lick
53102.727539	36.398819	2.749751	Lick
53108.700195	-75.816101	3.275865	Lick
53108.714844	-68.148727	3.096054	Lick
53119.675781	40.769367	7.873455	Lick
53119.698242	39.960091	7.692338	Lick
53282.034180	-13.092049	2.914201	Lick
53283.020508	-31.057791	3.138037	Lick
53283.027344	-25.488106	3.338610	Lick
53283.034180	-29.778069	2.817529	Lick
53337.930664	32.877472	3.927852	Lick
53338.968750	42.939827	3.162305	Lick
53338.990234	51.128273	3.146074	Lick
53362.933588	-45.472382	3.619415	Lick
53363.903183	-19.903564	3.276310	Lick
53383.870312	27.811520	5.146440	Lick
53383.894687	28.717400	4.770419	Lick
53384.870521	6.671448	4.523053	Lick
53384.893646	2.415586	4.325140	Lick
53385.857616	-32.744335	4.545277	Lick
53385.879722	-29.573233	5.055150	Lick
53386.820486	-40.682312	4.241759	Lick
53386.842315	-46.609978	3.861637	Lick
53386.864988	-47.857235	3.948941	Lick
53387.861250	-78.029037	5.125525	Lick
53387.882940	-79.128304	5.488211	Lick
53388.837963	-85.537903	3.386458	Lick
53389.815544	-82.149490	3.880993	Lick
53389.820475	-74.748734	3.518839	Lick
53390.913785	-82.839371	3.490093	Lick
53391.958252	-38.274803	3.735336	Lick
53392.782245	-10.030602	3.400228	Lick
53402.881273	-83.788986	3.891110	Lick
53403.894560	-84.148056	3.512245	Lick
53404.858981	-94.672012	4.205701	Lick
53404.879676	-85.811150	4.398260	Lick
53405.877940	-73.203354	3.023077	Lick
53436.728125	-30.080721	4.790659	Lick
53436.745544	-30.519087	5.375799	Lick
53437.783206	18.660746	4.617866	Lick
53437.801273	4.314275	5.632213	Lick
53438.728507	28.746328	4.415016	Lick
53438.747118	27.538572	5.106531	Lick
53439.738299	47.774876	4.381421	Lick
53439.758345	59.345100	5.391111	Lick
53440.736262	61.718937	4.594985	Lick
53440.754086	54.780636	5.461086	Lick
53441.798345	30.418266	4.388266	Lick
53441.820799	39.388386	4.547836	Lick
53441.843530	47.009697	4.361293	Lick
53460.686678	-77.998276	4.232959	Lick
53460.706053	-68.141380	3.959870	Lick
53475.671829	-65.445885	4.180914	Lick
53475.689803	-65.336952	5.502444	Lick
53476.674502	-82.634712	3.553068	Lick
53476.692396	-77.577538	4.832114	Lick
53477.673588	-71.457642	4.189896	Lick
53477.691470	-70.570923	4.857879	Lick
53478.677650	-81.493347	4.039981	Lick
53478.696146	-82.551521	4.712559	Lick
53479.676366	-47.043728	4.592407	Lick
53516.696551	19.590837	3.523418	Lick
53669.063310	-65.040733	3.053170	Lick
53744.925486	7.871986	3.452410	Lick
53744.941609	1.111263	2.996070	Lick
53752.894583	-14.861568	3.646393	Lick
53752.906979	-17.073128	3.992192	Lick
53752.919398	-11.476169	3.519082	Lick
53755.878449	-65.621635	3.927687	Lick
53756.849734	-63.682976	3.746357	Lick
53773.729595	-16.171173	3.858957	Lick
53773.819572	-16.474863	4.122600	Lick
53773.968831	-26.990295	3.625163	Lick
53774.801030	7.246663	3.961995	Lick
54049.981516	-47.880051	3.013599	Lick
54050.047535	-50.176430	3.305565	Lick
54050.052593	-52.314293	3.626747	Lick
54072.012905	86.957809	3.250900	Lick
54072.021505	86.264107	3.230464	Lick
54072.030417	85.390549	3.156855	Lick
54073.011088	45.482224	3.449751	Lick
54073.016516	48.767498	3.173032	Lick
54073.942558	28.331718	3.428442	Lick
54073.972870	24.220179	3.160272	Lick
54098.944248	89.942787	3.610178	Lick
54098.957060	96.453438	3.471240	Lick
54100.013900	103.324287	3.528568	Lick
54100.020590	100.279205	3.459374	Lick
54101.975035	85.230721	3.664141	Lick
54101.983600	86.128647	3.168245	Lick
54102.849595	68.285461	4.119723	Lick
54103.001285	57.256279	3.537011	Lick
54103.847303	26.980085	3.633144	Lick
54103.932245	20.725153	3.900994	Lick
54133.841181	-8.771529	3.938751	Lick
54134.812755	-46.499340	3.080749	Lick
54134.817998	-50.885246	3.232292	Lick
54134.823333	-38.037239	3.454783	Lick
54135.751898	-52.549358	4.263475	Lick
54135.758519	-49.717999	4.061388	Lick
54135.766354	-50.668945	3.889166	Lick
54165.774491	-75.313293	3.190710	Lick
54165.779074	-70.066933	3.205088	Lick
54165.783623	-76.226715	3.503443	Lick
54166.706458	-68.246140	7.021546	Lick
54167.672720	-36.468834	3.464864	Lick
54167.683530	-36.643860	3.571813	Lick
54168.802894	-26.035124	3.356793	Lick
54168.810833	-14.620766	3.659850	Lick
54169.840463	23.284733	3.420660	Lick
54169.845046	22.781830	3.420348	Lick
54196.727106	-35.622471	3.415479	Lick
54196.733368	-36.006966	3.059706	Lick
54216.760000	73.550827	5.651191	Lick
54216.778912	84.273293	5.726741	Lick
54216.798148	87.402885	5.804173	Lick
54219.736192	46.922035	3.411673	Lick
54219.741377	53.972088	3.593141	Lick
54219.747211	49.835728	3.725855	Lick
54220.751100	29.411137	3.580835	Lick
54220.756979	35.589188	3.698807	Lick
54220.763576	32.112915	3.665577	Lick
54426.056655	47.463226	3.224631	Lick
54426.071979	32.652447	3.861892	Lick
54427.042407	6.462296	3.316067	Lick
54427.047801	2.459537	3.168168	Lick
54427.053414	5.198671	3.257794	Lick
54427.058750	-2.344542	2.972682	Lick
54427.064745	-1.137589	3.011038	Lick
54428.004109	-27.793911	3.031010	Lick
54428.015729	-30.304279	3.109920	Lick
54428.029537	-33.352093	3.390769	Lick
54428.044225	-21.727829	3.343975	Lick
54428.060197	-25.185186	3.054599	Lick
54429.032049	-37.248047	2.876817	Lick
54429.038785	-35.449299	3.124990	Lick
54429.047998	-34.303539	3.066329	Lick
54429.057199	-32.397526	3.147673	Lick
54429.064479	-27.965849	3.197461	Lick
54449.861921	92.767868	4.015341	Lick
54449.878044	87.140610	4.406465	Lick
54449.893553	75.161324	4.132628	Lick
54449.909213	77.268959	4.354640	Lick
54449.925012	77.737343	4.231169	Lick
54449.940822	74.460579	4.498993	Lick
54449.956678	84.667061	4.293826	Lick
54449.972431	82.689377	4.323480	Lick
54449.988264	85.964355	4.409545	Lick
54450.004155	85.395866	4.511704	Lick
54457.946736	-11.087309	4.250845	Lick
54457.969167	2.550369	4.049550	Lick
54457.992245	-10.852830	4.233202	Lick
54458.014641	-9.269808	4.404943	Lick
54517.768531	-49.988544	3.474258	Lick
54517.783490	-49.149345	3.842120	Lick
54517.796259	-47.534691	3.598330	Lick
54547.830787	-24.755056	3.177466	Lick
54547.838819	-10.498584	3.343242	Lick
54547.848947	-19.549763	3.401285	Lick
54574.697963	-33.435539	3.402817	Lick
54574.704664	-22.509155	2.949130	Lick
54574.712049	-24.685001	2.895728	Lick
54574.718472	-29.900869	3.235079	Lick
54574.724074	-23.725979	3.011563	Lick
54578.739479	14.402132	3.217867	Lick
54578.747014	15.893332	2.859971	Lick
54578.754225	14.332298	3.085634	Lick
54598.693900	121.787704	4.873026	Lick
54598.716563	125.279099	4.037910	Lick
54725.031979	6.113318	4.013549	Lick
54726.015845	38.834064	3.801903	Lick
54726.026111	43.782604	3.562067	Lick
54726.038264	34.571468	4.362943	Lick
54783.989421	4.913434	3.484628	Lick
54784.988924	35.058498	3.659439	Lick
54844.898380	66.418571	4.032286	Lick
54844.904595	67.665771	3.728487	Lick
54844.910671	71.795280	3.358861	Lick
54846.012002	103.987976	3.458371	Lick
54846.017222	109.477486	3.208082	Lick
54846.022361	112.285019	3.126228	Lick
54846.027488	110.700127	3.121190	Lick
54846.944236	107.475746	3.200423	Lick
54846.949491	114.365601	3.165820	Lick
54846.954884	113.245049	3.224928	Lick
54846.960081	109.885956	3.067923	Lick
54847.889456	102.896301	3.610908	Lick
54847.893808	102.301109	3.746165	Lick
54848.880382	89.333313	3.712921	Lick
54848.883808	95.666908	3.756872	Lick
54848.887292	92.515099	3.713990	Lick
54848.890938	87.445099	3.884800	Lick
54849.828843	68.683968	3.633671	Lick
54849.832477	63.650558	3.813483	Lick
54849.836053	66.136894	3.969543	Lick
54849.839745	70.973770	3.702859	Lick
54849.843935	70.565895	3.768247	Lick
54850.863148	30.665371	3.736108	Lick
54850.866829	34.357498	3.621669	Lick
54850.870382	32.839222	3.738312	Lick
54850.874282	30.427296	3.967516	Lick
54863.838912	94.351326	5.117693	Lick
54863.842708	92.494034	5.025850	Lick
54863.846771	91.606476	4.691574	Lick
54863.850706	97.648842	5.400059	Lick
54864.855799	69.365395	4.343677	Lick
54864.859618	68.211861	4.452464	Lick
54864.863183	62.502785	4.640027	Lick
54865.857037	46.259747	4.986106	Lick
54865.860880	44.550919	5.064745	Lick
54865.864479	52.708054	4.779027	Lick
54865.868287	47.258736	4.941783	Lick
55167.011956	84.077644	6.416985	Lick
55167.018681	72.981026	6.983090	Lick
55167.024688	77.406097	6.673371	Lick
55167.031817	73.737579	5.993712	Lick
55167.039734	71.080147	6.345395	Lick
55167.985625	97.516685	5.889430	Lick
55167.991319	100.061554	5.573754	Lick
55167.996887	99.909317	5.611016	Lick
55168.002500	97.437347	6.275950	Lick
55168.008264	108.747856	5.822335	Lick
55172.012905	84.308517	4.358839	Lick
55172.020185	89.463890	4.510670	Lick
55199.946516	92.702736	7.382627	Lick
55199.957650	84.097389	8.184493	Lick
55199.968866	78.943352	8.179995	Lick
55199.980451	53.830688	7.839755	Lick
55201.915891	69.340645	4.551290	Lick
55201.920556	62.103752	4.739004	Lick
55228.785208	101.671928	4.428740	Lick
55228.789549	97.266975	4.335990	Lick
55228.794514	99.989914	4.537043	Lick
55312.669178	50.952629	2.837583	Lick
55312.673021	49.724091	2.962202	Lick
55312.676898	50.703049	2.879427	Lick
52219.138044	-143.090213	1.101866	Hir94
52236.014734	-60.563480	1.213415	Hir94
52243.050683	-53.999900	1.170581	Hir94
52307.849907	-106.968524	1.329732	Hir94
52333.997674	-138.205646	1.493973	Hir94
52334.892998	-140.142139	1.265555	Hir94
52573.112569	-64.332374	1.172578	Hir94
52574.128981	-46.225906	1.277194	Hir94
52576.098113	-9.820446	1.353223	Hir94
52601.031470	-86.393749	1.193085	Hir94
52602.058542	-59.409133	1.251959	Hir94
52603.113634	-26.413112	1.214071	Hir94
52652.972558	-73.657772	1.437056	Hir94
52654.039491	-99.504871	1.471475	Hir94
52680.970162	-31.037952	1.332504	Hir94
52682.950914	-83.974002	1.397119	Hir94
52711.766863	-78.213474	1.358394	Hir94
52712.825567	-106.306423	1.391706	Hir94
52777.805602	-51.761722	1.205873	Hir94
52804.745035	-126.828617	1.463151	Hir94
52988.038287	-6.384990	1.295739	Hir94
53017.861331	-18.764347	1.211428	Hir94
53045.781875	22.061413	1.208705	Hir94
53077.041736	-19.882511	1.360143	Hir94
53339.043299	32.223268	1.077463	Hir04
53339.044456	27.756174	1.135117	Hir04
53339.045509	31.325201	1.046832	Hir04
53369.915775	-14.111270	1.046899	Hir04
53369.916759	-13.310988	1.091540	Hir04
53369.917720	-12.940818	1.110221	Hir04
53425.842153	21.783447	1.103987	Hir04
53425.843218	24.085340	1.216844	Hir04
53425.844259	21.707437	1.122359	Hir04
53480.819433	-53.629089	1.002303	Hir04
53480.820451	-53.588738	0.985918	Hir04
53480.821354	-53.438901	1.037498	Hir04
53546.762755	-35.474473	1.249418	Hir04
53546.764456	-36.976976	1.327999	Hir04
53546.765995	-34.474218	1.238804	Hir04
53547.738866	-74.751590	1.137123	Hir04
53547.740370	-75.990615	1.115672	Hir04
53547.742095	-75.733145	1.136366	Hir04
53547.743600	-76.940256	1.186769	Hir04
53692.980440	-29.841812	1.119703	Hir04
53692.981586	-31.800576	1.073208	Hir04
53692.982731	-30.113731	1.140564	Hir04
53693.077662	-31.522991	1.081786	Hir04
53693.078889	-32.168991	1.054015	Hir04
53693.079734	-32.206223	1.033983	Hir04
53694.080822	-49.767396	1.049128	Hir04
53694.081701	-51.810705	0.939495	Hir04
53694.082581	-51.203501	1.042521	Hir04
53695.049676	-85.911976	1.114180	Hir04
53695.050579	-84.203857	1.162859	Hir04
53695.051458	-85.402564	1.131947	Hir04
53695.052465	-85.142418	1.311750	Hir04
53696.025266	-103.389039	1.137675	Hir04
53696.026076	-102.049107	1.203491	Hir04
53696.026921	-101.381708	1.115315	Hir04
53697.109144	-105.811463	1.252883	Hir04
53697.109977	-106.980931	1.172386	Hir04
53697.110810	-101.500155	1.192565	Hir04
53724.053519	-82.509437	1.175728	Hir04
53724.054502	-84.188829	1.179391	Hir04
53724.055602	-85.137515	1.152849	Hir04
53724.056563	-82.423374	1.133249	Hir04
53724.057535	-81.907344	1.151601	Hir04
53724.993310	-95.243889	1.227462	Hir04
53724.994340	-99.032393	1.196928	Hir04
53724.995671	-96.881302	1.255571	Hir04
53747.024954	40.350143	1.088178	Hir04
53747.026076	44.177169	1.133089	Hir04
53747.027234	38.796469	1.122189	Hir04
53747.957130	52.080441	1.111395	Hir04
53747.958079	50.301525	1.139292	Hir04
53747.959016	52.048306	1.223604	Hir04
53748.922095	44.352420	1.164300	Hir04
53748.923206	44.181557	1.141105	Hir04
53748.924306	44.919747	1.121475	Hir04
53749.858391	39.877261	1.113723	Hir04
53749.859282	42.290419	1.045587	Hir04
53749.860255	39.939563	1.103083	Hir04
53750.864907	21.965592	1.255205	Hir04
53750.865775	24.003102	1.130879	Hir04
53750.866632	20.915832	1.147401	Hir04
53751.930625	-21.377805	1.116981	Hir04
53752.972477	-39.794526	1.050130	Hir04
53752.973507	-37.774383	1.120672	Hir04
53752.974537	-38.752706	1.106802	Hir04
53753.943067	-75.573885	1.056526	Hir04
53753.944005	-74.934768	1.072743	Hir04
53753.944965	-77.087788	1.096132	Hir04
53775.922373	17.871331	0.976516	Hir04
53775.923264	22.045269	1.072878	Hir04
53775.924155	21.435713	1.024578	Hir04
53776.939722	28.347709	1.001906	Hir04
53776.940625	28.876000	1.134629	Hir04
53776.941516	25.607733	1.124909	Hir04
53778.018542	47.145046	1.135689	Hir04
53778.020197	44.063534	1.161838	Hir04
53778.021447	42.706873	1.160078	Hir04
53806.887361	47.452954	1.378180	Hir04
53806.889190	46.806152	1.275112	Hir04
53806.890671	48.633241	1.362281	Hir04
53837.797164	45.912848	1.314146	Hir04
53837.803785	43.888452	1.405365	Hir04
53837.810590	43.091518	1.296677	Hir04
53837.816562	44.789036	0.985823	Hir04
53841.800822	-71.359896	1.054968	Hir04
53841.801586	-71.355797	1.097563	Hir04
53841.802384	-70.012724	1.123236	Hir04
54083.979780	40.281247	1.139284	Hir04
54083.980694	41.795584	1.198806	Hir04
54083.981562	42.143699	1.198176	Hir04
54083.982465	43.209397	1.166592	Hir04
54083.983380	42.867916	1.091155	Hir04
54084.905104	59.186748	1.298651	Hir04
54084.906806	59.146246	1.317047	Hir04
54084.908299	56.772591	1.373366	Hir04
54084.909780	56.519869	1.247879	Hir04
54084.911042	56.750354	1.278412	Hir04
54085.120266	67.017272	1.332073	Hir04
54085.121366	66.664024	1.303648	Hir04
54085.122454	68.474417	1.213818	Hir04
54085.123426	67.153463	1.178061	Hir04
54085.124398	67.502930	1.349406	Hir04
54086.100197	55.660254	1.336396	Hir04
54086.101134	57.651301	1.269666	Hir04
54086.102060	53.136205	1.191768	Hir04
54086.102963	56.336832	1.161529	Hir04
54086.103866	55.496006	1.206498	Hir04
54108.906863	-50.899983	1.154188	Hir04
54108.907685	-52.765078	1.145354	Hir04
54108.908565	-52.095523	1.168784	Hir04
54108.909421	-50.302181	1.246433	Hir04
54108.910231	-51.992405	1.065179	Hir04
54129.898843	61.004006	1.230665	Hir04
54129.899792	60.714481	1.142988	Hir04
54129.900706	61.045507	1.242003	Hir04
54129.901597	59.412330	1.199895	Hir04
54129.902488	61.127323	1.184453	Hir04
54130.943981	54.271954	1.496079	Hir04
54130.944826	52.490557	1.408805	Hir04
54130.945637	49.759574	1.269357	Hir04
54130.946574	52.245060	1.230434	Hir04
54130.947500	50.319989	1.230041	Hir04
54130.949444	46.361288	1.263993	Hir04
54130.950324	50.058619	1.156654	Hir04
54131.878611	17.012517	1.365695	Hir04
54131.879722	17.593765	1.314792	Hir04
54131.880926	20.122112	1.240060	Hir04
54131.882292	18.686989	1.388390	Hir04
54131.883576	17.423742	1.274395	Hir04
54138.838403	-33.232786	1.112640	Hir04
54138.839201	-32.316334	1.115801	Hir04
54138.840116	-34.507112	1.131720	Hir04
54138.840914	-32.049017	1.183785	Hir04
54138.841725	-34.532045	1.197593	Hir04
54139.047419	-28.303291	1.160109	Hir04
54139.048218	-28.389996	1.249843	Hir04
54139.049005	-28.573183	1.089787	Hir04
54139.049792	-30.719335	1.189504	Hir04
54139.050556	-29.512849	1.071665	Hir04
54216.774236	57.839452	1.101936	Hir04
54216.775243	59.854278	1.101794	Hir04
54246.782211	57.918637	1.085578	Hir04
54246.783218	60.101732	1.037240	Hir04
54246.784225	55.821496	1.116405	Hir04
54247.815394	51.513958	1.165309	Hir04
54247.816238	49.746831	1.115866	Hir04
54247.817060	51.841537	1.107282	Hir04
54248.790914	34.549343	1.090048	Hir04
54248.791875	35.564607	1.120248	Hir04
54248.792813	32.774810	1.027269	Hir04
54249.783218	-1.558562	1.207767	Hir04
54249.784086	-4.865723	1.014705	Hir04
54250.786493	-25.386716	1.179720	Hir04
54250.787431	-28.474904	1.172231	Hir04
54250.788356	-29.474013	1.166480	Hir04
54251.790116	-57.899902	1.273740	Hir04
54251.791030	-54.934831	1.101840	Hir04
54251.791921	-57.078696	1.212445	Hir04
54255.736019	-71.248592	1.028162	Hir04
54255.736771	-72.651395	1.076514	Hir04
54255.737523	-72.082453	1.099701	Hir04
54398.138218	-27.060514	1.057181	Hir04
54428.044965	-49.155113	1.251197	Hir04
54428.045984	-50.991228	1.205107	Hir04
54428.046979	-51.084608	1.214589	Hir04
54429.003634	-59.351532	1.165380	Hir04
54429.004583	-57.332188	1.200732	Hir04
54429.005556	-57.600395	1.195159	Hir04
54430.080127	-62.644371	1.133019	Hir04
54454.002211	56.562404	1.304849	Hir04
54454.003588	56.857424	1.234680	Hir04
54454.963785	34.181542	1.281247	Hir04
54455.977072	-7.628843	1.314152	Hir04
54458.960220	-50.659855	1.498081	Hir04
54461.063148	-15.936696	1.403542	Hir04
54461.945255	3.659021	1.328016	Hir04
54492.956319	30.950746	1.183820	Hir04
54544.911088	-27.907335	1.200263	Hir04
54545.903692	-53.199323	1.043072	Hir04
54779.088102	-17.641493	1.375361	Hir04
54779.088808	-18.702760	1.353652	Hir04
54779.089653	-16.630725	1.301619	Hir04
54806.009514	48.296171	1.284803	Hir04
54806.010278	42.990978	1.289244	Hir04
54806.011030	44.152684	1.236646	Hir04
54807.037569	26.158890	1.177132	Hir04
54807.038287	33.625303	1.677493	Hir04
54807.039120	30.910300	1.626770	Hir04
54808.013322	-12.929998	1.238553	Hir04
54808.014120	-16.761045	1.233379	Hir04
54808.014803	-15.443576	1.185942	Hir04
54809.090706	-25.907419	1.192293	Hir04
54809.091400	-26.833503	1.215979	Hir04
54809.092199	-30.508775	1.219954	Hir04
54809.972998	-33.987700	1.035583	Hir04
54809.973727	-36.282074	1.138155	Hir04
54809.974479	-33.472050	1.242190	Hir04
54810.979062	-43.272199	1.109683	Hir04
54810.979769	-44.582120	1.190298	Hir04
54810.980486	-47.402938	1.184543	Hir04
54818.949915	93.388775	1.384854	Hir04
54819.959841	69.516773	1.250846	Hir04
54821.983902	10.689087	1.227019	Hir04
54839.046552	-60.369279	1.226616	Hir04
54839.047281	-57.977220	1.196775	Hir04
54839.048011	-60.217552	1.274903	Hir04
54847.093226	80.368281	1.437294	Hir04
54847.094059	78.889229	1.409185	Hir04
54847.094823	80.954966	1.436445	Hir04
54864.991483	48.419928	1.326358	Hir04
54864.992317	46.466251	1.062944	Hir04
54864.993000	44.722334	1.208485	Hir04
54927.828168	-56.893827	1.365124	Hir04
54929.858273	-31.937330	1.205348	Hir04
54929.859858	-40.078421	1.286473	Hir04
54929.861444	-34.800288	1.318535	Hir04
54934.852728	81.473742	1.227266	Hir04
54934.853654	81.370449	1.131537	Hir04
54934.854568	80.704582	1.194760	Hir04
54954.845756	-12.625598	1.289017	Hir04
54954.846439	-12.905357	1.204360	Hir04
54954.847122	-15.226144	1.174888	Hir04
54955.873979	-28.812176	1.211080	Hir04
54983.744673	-3.665849	1.205563	Hir04
54983.745367	-7.180574	1.152110	Hir04
54983.746073	-3.564287	1.286051	Hir04
54984.760065	-34.448288	1.209853	Hir04
54984.760783	-35.062415	1.307257	Hir04
54984.761489	-36.999252	1.164924	Hir04
54985.733402	-48.534117	1.199776	Hir04
54985.734212	-50.764161	1.164980	Hir04
54985.734906	-48.941732	1.202848	Hir04
54986.757372	-39.581850	1.236939	Hir04
54986.758113	-40.494353	1.119124	Hir04
54986.758830	-44.613223	1.166213	Hir04
54987.734946	-39.604013	1.161082	Hir04
54987.735814	-38.834498	1.165450	Hir04
54987.736682	-34.637652	1.318938	Hir04
54988.735274	-13.403123	1.255462	Hir04
54988.736119	-14.327463	1.195840	Hir04
54988.736871	-14.762434	1.192642	Hir04
55109.136438	65.385049	1.245860	Hir04
55109.137294	63.834162	1.275195	Hir04
55109.138024	59.225270	1.240833	Hir04
55134.151610	-32.013758	1.127015	Hir04
55134.152304	-36.012189	1.210611	Hir04
55134.152999	-32.718490	1.195621	Hir04
55164.126506	-16.114400	1.222443	Hir04
55164.127247	-15.028629	1.141045	Hir04
55164.127988	-17.392690	1.082731	Hir04
55167.024461	61.942829	1.205185	Hir04
55167.025387	64.049569	1.231276	Hir04
55167.026383	65.351489	1.214929	Hir04
55167.027378	64.191510	1.182960	Hir04
55172.115409	64.725386	1.303162	Hir04
55172.116138	64.124777	1.233946	Hir04
55172.116867	65.669505	1.178174	Hir04
55173.030689	38.705073	1.211319	Hir04
55173.031383	41.602974	1.277198	Hir04
55173.032089	42.803027	1.131556	Hir04
55188.096847	10.780513	1.350170	Hir04
55188.097588	8.543381	1.383349	Hir04
55188.098363	8.790700	1.314993	Hir04
55189.077622	-18.710506	1.429588	Hir04
55189.078247	-22.770633	1.384002	Hir04
55189.078849	-21.930541	1.384362	Hir04
55190.124002	-47.287886	1.235554	Hir04
55190.124685	-42.890080	1.286322	Hir04
55190.125356	-48.064562	1.248699	Hir04
55192.002763	-63.285635	1.327789	Hir04
55192.003446	-63.391438	1.143222	Hir04
55192.004117	-65.138200	1.153734	Hir04
55193.175557	-52.391081	1.387349	Hir04
55193.176240	-50.624455	1.176480	Hir04
55196.964795	50.637117	1.252115	Hir04
55196.965489	50.575347	1.219797	Hir04
55196.966195	53.461776	1.221469	Hir04
55198.973242	88.049903	1.272386	Hir04
55198.973971	86.055821	1.199416	Hir04
55198.974689	84.263647	1.242535	Hir04
55200.992458	60.286015	1.191644	Hir04
55200.993407	62.804855	1.183612	Hir04
55200.994391	64.086041	1.143042	Hir04
55200.995340	62.934768	1.200817	Hir04
55200.996324	62.848081	1.194585	Hir04
55229.080267	81.608554	1.186055	Hir04
55229.080996	81.356836	1.147741	Hir04
55229.081748	81.212137	1.262547	Hir04
55229.884589	60.901044	1.167640	Hir04
55229.885306	64.715734	1.140337	Hir04
55229.886047	61.001283	1.163488	Hir04
55231.812763	11.568959	1.170094	Hir04
55231.813527	10.677115	1.241159	Hir04
55231.814418	10.388707	1.301903	Hir04
55255.815516	73.756784	1.074741	Hir04
55255.816442	74.446237	1.154389	Hir04
55255.817136	73.294705	0.982328	Hir04
55256.906837	98.266785	1.147851	Hir04
55256.907508	101.265007	1.107459	Hir04
55256.908214	100.228399	1.135962	Hir04
55260.882984	33.585760	1.273480	Hir04
55260.883632	36.277817	1.364200	Hir04
55260.884338	36.744451	1.255517	Hir04
55260.885113	38.388001	1.190977	Hir04
55260.885877	34.597865	1.204743	Hir04
55261.916511	2.696964	1.197965	Hir04
55261.917344	4.109278	1.221241	Hir04
55261.918108	-2.758497	1.213440	Hir04
55261.918872	1.771040	1.225703	Hir04
55261.919613	0.692872	1.199680	Hir04
55284.863241	50.095406	1.382408	Hir04
55284.864016	47.750695	1.376279	Hir04
55284.864687	45.084241	1.368449	Hir04
55285.914864	64.298559	1.133598	Hir04
55285.915732	66.957497	1.150432	Hir04
55285.916565	65.874107	1.213752	Hir04
55289.722462	21.137770	1.105855	Hir04
55289.723156	21.854986	1.143699	Hir04
55289.723839	18.340303	1.089301	Hir04
55289.734428	23.007627	1.092582	Hir04
55289.735123	24.312192	1.115432	Hir04
55289.735817	20.634862	1.178070	Hir04
55289.749404	21.914556	1.131919	Hir04
55289.750121	20.818550	1.189996	Hir04
55289.750839	20.783928	1.069999	Hir04
55289.784586	21.049443	1.253711	Hir04
55289.785327	20.762610	1.026438	Hir04
55289.786044	17.365708	1.164943	Hir04
55289.810035	13.854636	1.093575	Hir04
55289.810741	19.568589	1.163121	Hir04
55289.811447	17.677174	1.102112	Hir04
55289.844303	15.118921	1.049057	Hir04
55289.845067	16.845811	1.029248	Hir04
55289.845842	15.551543	0.971185	Hir04
55289.863514	18.383756	1.014502	Hir04
55289.864382	18.332512	1.056422	Hir04
55289.865308	18.146812	1.109820	Hir04
55289.888825	14.466219	0.989335	Hir04
55289.889519	15.397386	1.065867	Hir04
55289.890225	18.428027	1.028377	Hir04
55289.913244	17.643416	1.087683	Hir04
55289.913996	15.283440	1.125047	Hir04
55289.914748	19.779425	1.003876	Hir04
55289.931101	18.428555	1.070015	Hir04
55289.931853	17.253429	1.165802	Hir04
55289.932629	15.421639	1.207437	Hir04
55289.948484	18.641727	1.279652	Hir04
55289.949606	15.563196	1.325275	Hir04
55289.950740	17.640063	1.241644	Hir04
55311.740502	-11.914411	1.203929	Hir04
55311.741717	-11.792114	1.186418	Hir04
55311.742447	-12.779814	1.203221	Hir04
55312.825571	20.994217	1.099252	Hir04
55312.826288	23.200949	1.185359	Hir04
55312.826994	23.228747	1.115000	Hir04
55313.743942	51.165398	1.142801	Hir04
55313.744625	49.846788	1.133330	Hir04
55313.745331	47.604800	1.084879	Hir04
55314.805170	60.336497	1.392543	Hir04
55314.806073	60.453523	1.211206	Hir04
55314.806976	59.281501	1.349214	Hir04
55320.743600	-36.715854	1.163052	Hir04
55320.744329	-35.639642	1.178173	Hir04
55320.745012	-35.706877	1.131367	Hir04
55321.732891	-51.843588	1.098542	Hir04
55321.733643	-54.751947	1.123124	Hir04
55321.734534	-48.768532	1.241505	Hir04
55339.791822	-48.270229	1.070956	Hir04
55339.793523	-45.927866	1.096812	Hir04
55339.795317	-47.930455	1.102424	Hir04
55342.740893	38.680374	1.167990	Hir04
55342.741668	39.529565	1.143376	Hir04
55342.742559	39.511356	1.041881	Hir04
55342.850085	42.896429	1.318867	Hir04
55342.851115	45.145116	1.263427	Hir04
55342.852214	41.265913	1.254290	Hir04
55343.732810	68.570748	1.276754	Hir04
55343.733527	66.155072	1.106485	Hir04
55343.734360	-93.486885	3.378454	Hir04
55344.733477	91.266450	1.251430	Hir04
55344.734298	86.262708	1.131250	Hir04
55344.735085	89.430094	1.173226	Hir04
55350.742033	-28.638524	1.384102	Hir04
55350.742658	-27.456923	1.278750	Hir04
55350.743306	-30.003332	1.466478	Hir04
55350.746570	-26.969791	1.126772	Hir04
55350.747345	-30.393809	1.136626	Hir04
55351.741884	-57.517584	1.065227	Hir04
55351.742579	-52.830248	1.016753	Hir04
55351.743273	-54.175018	1.083639	Hir04
55465.144950	31.703285	1.173893	Hir04
55465.145818	26.204837	1.118773	Hir04
55465.146525	28.056335	1.215351	Hir04
55466.144510	13.772821	1.320519	Hir04
55466.145355	16.373726	1.240204	Hir04
55466.146154	14.154324	1.189535	Hir04
55467.146340	-24.059932	1.142319	Hir04
55467.147069	-24.428275	1.136014	Hir04
55467.147810	-22.424725	1.246504	Hir04
55468.149235	-52.553216	1.130304	Hir04
55468.150161	-52.232610	1.083980	Hir04
55468.150960	-52.362091	1.106122	Hir04
55469.142871	-44.075144	1.392397	Hir04
55469.143809	-48.896827	1.234116	Hir04
55469.144561	-52.320309	1.249475	Hir04
55490.155462	43.104342	1.300539	Hir04
55490.156168	48.778360	1.315182	Hir04
55490.157013	46.150839	1.314461	Hir04
55491.153649	74.550686	1.214325	Hir04
55491.154483	76.924558	1.219528	Hir04
55491.155200	75.754402	1.106946	Hir04
55522.018696	78.862064	1.133435	Hir04
55522.019425	80.648390	1.151834	Hir04
55522.020119	79.157452	1.171394	Hir04
55542.924419	-76.750993	1.456407	Hir04
55542.925599	-69.854330	1.243447	Hir04
55542.926305	-72.541697	1.268104	Hir04
55545.132042	-47.619754	1.269903	Hir04
55545.132806	-46.137951	1.185329	Hir04
55545.133581	-48.023043	1.301664	Hir04
55545.987263	-38.913538	1.168101	Hir04
55545.988016	-40.359286	1.265637	Hir04
55545.988768	-37.298740	1.291588	Hir04
55557.128797	-81.667190	1.243041	Hir04
55557.129504	-78.323676	1.240072	Hir04
55557.130198	-77.195171	1.136639	Hir04
55557.977558	-83.897764	1.291690	Hir04
55557.978368	-81.222054	1.289197	Hir04
55557.979306	-82.680522	1.333258	Hir04
55559.964732	-52.131162	1.425112	Hir04
55559.972707	-52.771487	1.596345	Hir04
55559.978680	-52.976046	1.383901	Hir04
55584.994368	-55.596544	1.159086	Hir04
55584.995086	-52.016889	1.210237	Hir04
55584.995815	-55.747002	1.210570	Hir04
55605.966269	18.628612	1.310880	Hir04
55605.966975	16.987130	1.206704	Hir04
55605.967669	18.635880	1.251805	Hir04
55606.971727	48.043499	1.304291	Hir04
55606.972456	51.176135	1.286616	Hir04
55606.973174	51.785446	1.111157	Hir04
55607.957126	56.345461	1.310792	Hir04
55607.958492	60.787405	1.245689	Hir04
55607.960135	59.018822	1.185946	Hir04
55611.961656	42.142192	1.317372	Hir04
55611.962385	44.470010	1.367341	Hir04
55611.963114	43.192871	1.417224	Hir04
55633.917528	-34.746952	1.248235	Hir04
55633.918234	-37.980970	1.218098	Hir04
55633.918917	-38.682521	1.224976	Hir04
55634.816297	-7.783009	1.230875	Hir04
55634.816969	-8.249740	1.137819	Hir04
55634.817663	-3.840996	1.130716	Hir04
55636.750872	38.664939	1.088804	Hir04
55636.751578	37.576785	1.123402	Hir04
55636.752238	38.128739	1.190717	Hir04
55671.719334	-8.758506	1.141166	Hir04
55671.720017	-9.542178	1.069835	Hir04
55671.720688	-7.200842	1.115232	Hir04
55672.720256	-50.881230	1.151681	Hir04
55672.720939	-47.843738	1.161571	Hir04
55672.721610	-50.368849	1.213657	Hir04
55673.723088	-63.329961	1.166098	Hir04
55673.723805	-68.052343	1.139562	Hir04
55673.724523	-62.753486	1.195634	Hir04
55697.727023	65.759811	1.208010	Hir04
55697.727821	67.212660	1.251307	Hir04
55697.728620	67.537924	1.204873	Hir04
55698.725704	56.121812	1.195606	Hir04
55698.726780	54.105424	1.173743	Hir04
55698.727683	54.924320	1.215751	Hir04
55699.725774	38.781666	1.177731	Hir04
55699.726491	39.384795	1.138381	Hir04
55699.727186	39.145312	1.101720	Hir04
55700.725312	1.809907	1.096348	Hir04
55700.725995	0.313972	1.163280	Hir04
55700.726689	-4.024177	1.182258	Hir04
55703.727796	-71.209721	1.147220	Hir04
55703.728502	-72.849238	1.021849	Hir04
55703.729196	-71.599934	1.071642	Hir04
55722.738173	-17.187371	1.238249	Hir04
55722.739087	-13.267211	1.128158	Hir04
55722.739943	-14.071745	1.261285	Hir04
55723.730890	14.929472	1.284914	Hir04
55723.731677	13.563455	1.301471	Hir04
55723.732476	14.610141	1.293756	Hir04
55728.741968	18.565217	1.336494	Hir04
55728.742859	18.986761	1.460336	Hir04
55728.743727	16.017705	1.279620	Hir04
55842.116588	41.820073	1.179693	Hir04
55842.117341	44.507213	1.117034	Hir04
55842.118070	47.477312	1.223305	Hir04
55843.147966	64.904962	1.105969	Hir04
55843.148684	64.704164	1.182515	Hir04
55843.149413	64.556722	1.205194	Hir04
55844.119536	67.543593	1.176457	Hir04
55844.120312	63.710060	1.222172	Hir04
55844.121110	62.350981	1.277354	Hir04
55852.136779	-77.165738	1.236452	Hir04
55852.137485	-76.687675	1.201177	Hir04
55852.138191	-79.086153	1.252155	Hir04
55871.078548	37.120536	1.372428	Hir04
55871.081986	36.452188	1.535841	Hir04
55871.091987	37.470418	1.341402	Hir04
55878.103549	-47.517568	1.266927	Hir04
55878.104243	-49.870100	1.224650	Hir04
55878.104926	-46.076581	1.205516	Hir04
55879.060782	-70.269400	1.249253	Hir04
55879.061511	-70.289316	1.307447	Hir04
55879.062229	-75.506434	1.199731	Hir04
55880.073089	-69.483956	1.205302	Hir04
55880.073830	-69.087037	1.195491	Hir04
55880.074583	-69.403951	1.222925	Hir04
55901.998634	49.776402	1.149324	Hir04
55901.999294	48.454763	1.275284	Hir04
55901.999965	48.660927	1.154422	Hir04
55902.990449	51.439258	1.265321	Hir04
55902.991201	52.788051	1.170820	Hir04
55902.991953	54.711472	1.149260	Hir04
55904.112284	25.241666	1.146688	Hir04
55904.112978	20.301573	1.089570	Hir04
55904.113650	21.576128	1.110319	Hir04
55904.922913	6.841886	1.346638	Hir04
55904.923619	2.700665	1.233858	Hir04
55904.924314	0.799062	1.330573	Hir04
55932.055142	52.308583	1.139260	Hir04
55932.055813	53.075007	1.163181	Hir04
55932.056496	55.700993	1.197691	Hir04
55944.977145	46.375118	1.346208	Hir04
55944.978071	44.515189	1.346737	Hir04
55944.979124	45.945950	1.368038	Hir04
55960.911818	61.196022	1.285333	Hir04
55960.912501	60.092739	1.289589	Hir04
55960.913195	60.286259	1.208300	Hir04
55967.868156	-66.897818	1.225420	Hir04
55967.869036	-64.608589	1.234127	Hir04
55967.869881	-61.403104	1.258246	Hir04
55972.796641	31.730521	1.277625	Hir04
55972.797336	32.154769	1.107063	Hir04
55972.798007	27.791675	1.128652	Hir04
55996.987026	-94.678712	1.820801	Hir04
55996.993426	-95.860760	1.510837	Hir04
55996.997338	-98.464330	1.354529	Hir04
56019.884935	47.738404	1.154317	Hir04
56019.885617	50.134292	1.142834	Hir04
56019.886300	53.080877	1.059889	Hir04
56027.960789	-88.464485	1.130302	Hir04
56027.961553	-89.318819	1.199870	Hir04
56027.962305	-90.163466	1.210807	Hir04
56073.741580	-46.779999	1.054023	Hir04
56073.742344	-46.118758	1.181072	Hir04
56073.743142	-43.908723	1.101822	Hir04
56076.737575	32.741323	1.281949	Hir04
56076.738455	32.087689	1.210645	Hir04
56076.739300	34.521966	1.227265	Hir04
56079.773089	25.745522	1.284167	Hir04
56079.774247	21.487677	1.166942	Hir04
56079.775196	22.869532	1.201760	Hir04
56193.147900	40.688525	1.241087	Hir04
56193.148595	40.674302	1.182722	Hir04
56193.149289	41.412014	1.150640	Hir04
56195.151716	60.673075	1.187926	Hir04
56195.152387	56.851286	1.181431	Hir04
56195.153070	58.670761	1.211113	Hir04
56203.144385	-94.604579	1.262318	Hir04
56203.145126	-96.359845	1.245058	Hir04
56203.145797	-95.640924	1.137873	Hir04
56208.117871	22.292568	1.244829	Hir04
56208.118588	22.160979	1.202096	Hir04
56208.119294	19.916919	1.220978	Hir04
56209.129490	34.546300	1.180798	Hir04
56209.130220	35.056482	1.302297	Hir04
56209.130949	37.417156	1.300224	Hir04
56318.884053	-88.120761	1.329438	Hir04
56318.884840	-91.196109	1.381787	Hir04
56318.885592	-93.542613	1.225911	Hir04
56327.836985	55.958240	1.287159	Hir04
56327.837760	56.382768	1.206324	Hir04
56327.838524	54.535993	1.280439	Hir04
56343.758309	4.285842	1.238297	Hir04
56343.759027	1.955070	1.269970	Hir04
56343.759756	0.647674	1.155657	Hir04
56446.736136	7.381156	1.189616	Hir04
56446.737420	6.633252	1.139461	Hir04
56446.738751	6.446795	1.111517	Hir04
56586.155300	-65.118504	1.319748	Hir04
56586.156029	-64.204932	1.332472	Hir04
56586.156723	-67.458069	1.321586	Hir04
56588.155609	-5.634446	1.179056	Hir04
56588.156362	-4.572287	1.202003	Hir04
56588.157068	-2.576454	1.247109	Hir04
56589.106014	20.731610	1.282198	Hir04
56589.106721	16.007446	1.339969	Hir04
56589.107438	15.982522	1.210159	Hir04
56615.075748	-80.870528	1.211885	Hir04
56615.082450	-79.025168	1.190062	Hir04
56615.085124	-81.978800	1.242298	Hir04
56637.951841	-0.450062	1.233609	Hir04
56637.952570	0.070950	1.292625	Hir04
56637.953323	3.272921	1.232759	Hir04
56674.871717	-23.560479	1.293622	Hir04
56674.872481	-22.577302	1.302593	Hir04
56674.873268	-23.288037	1.470198	Hir04
56708.859230	39.665626	1.269215	Hir04
56708.860028	37.585893	1.167524	Hir04
56708.860873	38.475746	1.239965	Hir04
56709.847501	10.236601	1.276666	Hir04
56709.848299	4.531088	1.132494	Hir04
56709.849040	7.366791	1.147126	Hir04
56826.730309	18.468101	1.245660	Hir04
56826.731026	17.580653	1.207233	Hir04
56826.731744	16.739825	1.122354	Hir04
56827.731831	-16.184990	1.250682	Hir04
56827.732560	-16.531086	1.209243	Hir04
56827.733290	-20.650284	1.252481	Hir04
56828.731318	-35.599009	1.296019	Hir04
56828.732105	-34.922724	1.280726	Hir04
56828.732892	-29.507878	1.314254	Hir04
56829.738885	-74.409285	1.323595	Hir04
56829.739683	-76.600937	1.208592	Hir04
56829.740540	-77.159386	1.339051	Hir04
57179.737688	-28.196286	1.150660	Hir04
57179.738383	-26.125626	1.047988	Hir04
57179.739077	-25.076897	1.208888	Hir04
57199.741868	-113.196076	1.143856	Hir04
57199.742667	-114.465595	1.285076	Hir04
57199.743454	-113.932039	1.323905	Hir04
57327.158907	-66.003797	1.135505	Hir04
57327.159555	-70.013217	1.188306	Hir04
57327.160203	-70.336764	1.194717	Hir04
57356.171758	-42.456204	1.211379	Hir04
57379.925915	-6.482941	1.316117	Hir04
57379.926691	-7.497819	1.284247	Hir04
57379.927443	-6.250519	1.315840	Hir04
57384.960662	-26.781829	1.253244	Hir04
57384.962387	-25.615298	1.303775	Hir04
57384.964516	-24.396994	1.228972	Hir04
57555.735428	12.191098	1.208813	Hir04
57555.736192	11.024695	1.311177	Hir04
57555.736910	11.982556	1.334760	Hir04
57714.164399	-90.190914	1.976596	Hir04
57717.158767	0.347705	1.116525	Hir04
57764.902240	-7.006754	1.229132	Hir04
57764.903270	-6.807052	1.206166	Hir04
57764.904277	-7.471870	1.114001	Hir04
57926.730989	-24.098807	1.135237	Hir04
57926.731671	-27.815908	1.226773	Hir04
57926.732377	-23.541209	1.210514	Hir04
58029.143146	-26.246267	1.327978	Hir04
58029.143863	-24.814960	1.308152	Hir04
58029.144546	-22.668971	1.236925	Hir04
58160.997264	-19.887691	1.292732	Hir04
58160.997958	-24.912862	1.260819	Hir04
58160.998641	-19.897457	1.404174	Hir04
58181.814865	-94.800919	1.430631	Hir04
58181.826832	-97.415109	1.341117	Hir04
58181.841935	-98.269301	1.566867	Hir04
58392.145915	18.111584	1.304066	Hir04
58392.146632	17.666251	1.282487	Hir04
58392.147373	14.394757	1.248760	Hir04
58528.935364	-40.745571	1.141696	Hir04
58528.936347	-43.535524	1.200009	Hir04
58528.937285	-43.334134	1.248248	Hir04
58645.723510	-29.544030	1.226271	Hir04
58645.724216	-30.593388	1.125326	Hir04
58645.724899	-28.044191	1.109823	Hir04
58795.020249	-83.132044	1.172211	Hir04
58795.021013	-87.778046	1.269284	Hir04
58795.021766	-85.728339	1.264728	Hir04
58795.134346	-82.691875	1.143494	Hir04
58828.046374	-36.748936	1.099124	Hir04
58828.047034	-36.971619	1.320582	Hir04
58828.047705	-39.851792	1.155737	Hir04
58884.889029	-78.728640	1.173976	Hir04
58884.889678	-79.068361	1.193918	Hir04
58884.890337	-79.206273	1.172015	Hir04
58916.837154	-8.159951	1.396385	Hir04
58916.840036	-7.157529	1.405750	Hir04
58916.842547	-7.184139	1.358010	Hir04
52927.9841	48.395900	4.420000	HRS
52927.986692999955	45.211900	4.610000	HRS
52928.97395099979	32.974500	4.330000	HRS
52928.97655500006	33.859500	4.000000	HRS
52929.97610699991	10.105900	4.010000	HRS
52929.97869900009	6.626100	3.940000	HRS
52931.98418099992	-45.254600	3.960000	HRS
52931.98677399987	-49.244000	4.070000	HRS
52932.96630100021	-75.380800	4.030000	HRS
52932.968894000165	-74.883000	4.130000	HRS
52934.94306699978	-101.158400	4.350000	HRS
52934.94571800018	-100.969600	4.310000	HRS
52948.91072200006	-78.241800	4.270000	HRS
52948.913327000104	-78.718500	4.300000	HRS
52949.920034000184	-85.577700	3.870000	HRS
52949.92263900023	-83.542000	4.220000	HRS
52953.921963000204	5.597900	4.930000	HRS
52953.9245790001	5.787100	4.590000	HRS
52954.905716000125	23.745600	4.520000	HRS
52954.90832100017	21.079500	4.100000	HRS
52958.88865600014	49.561300	5.510000	HRS
52958.8938529999	56.699700	6.230000	HRS
52958.896457999945	51.781900	6.150000	HRS
52959.91035000002	7.807700	4.470000	HRS
52959.912965999916	5.817700	4.510000	HRS
52963.87304800004	-77.318800	4.350000	HRS
52963.875663999934	-82.325700	4.600000	HRS
52965.85959699983	-71.625800	5.200000	HRS
52965.8622010001	-70.640800	5.880000	HRS
52981.83254199987	-45.628500	5.510000	HRS
52981.83514699992	-43.664200	5.220000	HRS
52983.819869999774	6.003000	5.700000	HRS
52983.82247499982	6.444400	5.140000	HRS
52984.82448300021	35.313800	5.760000	HRS
52984.82708700001	35.980700	5.400000	HRS
52987.02526899986	70.300600	5.510000	HRS
52987.02786100004	58.307300	5.350000	HRS
52988.02668299992	46.754800	5.160000	HRS
52988.818138999864	28.235700	5.880000	HRS
52988.820743000135	27.074500	5.610000	HRS
52991.026633999776	-20.400900	5.340000	HRS
52991.02925000014	-20.504000	5.380000	HRS
52993.79469700018	-55.720200	5.830000	HRS
52993.797300999984	-61.115800	5.950000	HRS
52994.78928400017	-59.415800	5.510000	HRS
52994.79188900022	-61.904300	5.190000	HRS
52995.02152100019	-46.005500	5.320000	HRS
52995.024124999996	-45.642200	5.330000	HRS
52995.80104799988	-29.640400	5.300000	HRS
52995.80364099983	-29.028600	5.000000	HRS
52998.021803999785	29.438900	6.510000	HRS
52998.78427799977	45.784500	7.140000	HRS
52998.78981100023	42.943600	6.400000	HRS
52999.012045000214	41.651900	5.150000	HRS
52999.01464999979	41.900700	5.090000	HRS
52999.76904299995	56.617600	5.550000	HRS
52999.77161299996	51.655800	5.540000	HRS
52999.997250000015	57.769100	5.460000	HRS
53000.77577600023	70.479000	5.090000	HRS
53000.77838099981	71.249200	5.530000	HRS
53003.78777100006	35.776300	5.840000	HRS
53003.790374999866	34.367400	5.940000	HRS
53003.99964499986	34.754200	5.590000	HRS
53004.00226100022	29.942000	5.440000	HRS
53006.7666600002	-54.233300	5.920000	HRS
53006.769264	-48.214400	5.840000	HRS
53024.93111199979	-64.277000	7.000000	HRS
53024.93371600006	-68.971500	6.740000	HRS
53031.911170999985	69.600300	7.000000	HRS
53031.91377499979	68.892300	7.090000	HRS
53033.68362599984	13.357000	6.780000	HRS
53034.927281000186	-11.364200	6.370000	HRS
53034.931621999945	-10.267900	6.650000	HRS
53039.91056700004	-30.311300	6.990000	HRS
53042.6707700002	47.166100	6.540000	HRS
53042.67337600002	50.686300	6.760000	HRS
53042.883142000064	65.729500	6.610000	HRS
53042.88574599987	66.704600	6.590000	HRS
53050.6523839999	-41.930000	6.950000	HRS
53051.64117400022	-47.808100	7.290000	HRS
53051.64377800003	-53.392600	7.860000	HRS
53052.856436000206	-69.563300	6.170000	HRS
53053.631560000125	-57.161900	6.840000	HRS
53053.63416399993	-59.272000	6.830000	HRS
53056.83767999988	27.044900	6.720000	HRS
53057.62081999984	49.783100	6.040000	HRS
53057.62342400011	49.189400	5.870000	HRS
53063.59676400013	-4.907900	26.520000	HRS
53063.83902100008	-13.633700	7.290000	HRS
53063.84168299986	-12.651000	8.420000	HRS
53063.84428700013	-16.888500	17.020000	HRS
53074.80690599978	76.778100	5.890000	HRS
53074.80951000005	76.914300	5.710000	HRS
53082.782947000116	-48.314600	5.240000	HRS
53082.78555099992	-46.404200	5.000000	HRS
53084.78042299999	-11.675300	4.920000	HRS
53084.783026999794	-10.926500	5.280000	HRS
53089.74295900017	68.918700	6.290000	HRS
53089.758628999814	67.928500	5.870000	HRS
53089.76122099999	68.167700	5.100000	HRS
53095.747986999806	-60.875300	5.020000	HRS
53095.75059100008	-60.075700	4.920000	HRS
53098.76039699977	-24.099600	5.650000	HRS
53098.76295399992	-29.292800	5.550000	HRS
53101.724355999846	50.200300	4.710000	HRS
53101.72696000012	46.576700	4.790000	HRS
53102.71939300001	66.533700	4.550000	HRS
53102.72199699981	67.549000	4.410000	HRS
53103.71469500009	66.944600	4.610000	HRS
53103.717298999894	64.593900	4.560000	HRS
53110.69848799985	-61.088100	4.450000	HRS
53110.70109200012	-65.017900	4.870000	HRS
53111.68926199991	-73.332000	4.630000	HRS
53111.691877000034	-70.932000	4.870000	HRS
53112.68774300022	-57.588100	4.710000	HRS
53112.690347000025	-53.713900	5.070000	HRS
53116.66770800017	61.519900	6.120000	HRS
53116.67031199997	61.368000	5.030000	HRS
53117.69785200013	62.895600	5.020000	HRS
55954.15704345	27420.0201349146	0.4636889279926	H03
55954.15889054	27416.8718994512	0.417958030386	H03
55954.16076738	27418.4482628898	0.3073679410665	H03
55954.16328512	27416.993007631303	0.3115943845026	H03
55954.16583353	27418.1370160669	0.3051565662617	H03
55954.16837951	27415.5585827861	0.301356891788	H03
55954.17083092	27417.3056336222	0.3056645772772	H03
55954.17328487	27419.0065053575	0.3262966144068	H03
55954.17574115	27418.1170585391	0.3233004429209	H03
55954.17818816	27416.3462230273	0.3257253703026	H03
55954.18074525	27417.338164293098	0.315617494313	H03
55954.18319215	27416.8754207016	0.3342139992614	H03
55954.18564529	27417.8582292832	0.3352971841148	H03
55954.1880908	27418.2023185801	0.3461852719046	H03
55954.19054303	27417.5578912909	0.3905382278214	H03
55954.19325753	27416.6528810678	0.3481915871043	H03
55954.19570952	27416.9773680958	0.3503770760553	H03
55954.19816186	27417.059709349	0.345120435246	H03
55954.20061501	27417.006832012798	0.3409034617883	H03
55954.20306677	27416.8988784153	0.3872582434123	H03
55954.20555499	27416.5396049004	0.340888263838	H03
55954.20801079	27415.9586195481	0.3556072280111	H03
55954.21046486	27415.7953856801	0.303134028978	H03
55954.21291754	27416.8940506182	0.3027980398781	H03
55954.2153671	27414.942536394603	0.3111012563079	H03
55954.21787743	27415.8036333355	0.3474176845923	H03
55954.22032467	27415.657527686002	0.4078682975806	H03
55954.22277573	27415.144212634	0.3294822851607	H03
55954.22522635	27416.3114544344	0.3366607341208	H03
55954.22767799	27416.262510678698	0.3515965729175	H03
55954.23017095	27417.488915326	0.3392197885839	H03
55954.23262109	27416.098394685	0.3260335092781	H03
55954.23506822	27416.6190389625	0.3157610056474	H03
55954.23751917	27416.7357281758	0.3263104511703	H03
55954.23997116	27414.9704580334	0.3065558049185	H03
55954.24246192	27413.1896888351	0.2991772683293	H03
55954.24491495	27416.2471986366	0.286226575625	H03
55954.24736845	27416.2439944962	0.3170246548189	H03
55954.24981813	27415.4634168646	0.3538975885126	H03
55954.25227984	27415.6147476912	0.3349491756406	H03
55954.25476817	27414.528194899598	0.3685660953657	H03
55954.25722016	27414.067056985998	0.292438898914	H03
55954.25966926	27414.409618956	0.3326913146785	H03
55954.26211998	27414.7871779786	0.3145781071231	H03
55954.26457567	27414.3032462411	0.3596376839688	H03
55954.26706331	27414.5713246796	0.4157545429527	H03
55954.26951866	27415.0268545705	0.4289630880255	H03
56002.03679105	27520.147053226603	0.3720679616709	H03
56002.03924489	27521.326140133802	0.3755116642498	H03
56002.0416926	27522.0604899094	0.3842452829239	H03
56002.04415234	27521.0684657619	0.384366498023	H03
56002.04661578	27520.922799681903	0.3774374985552	H03
56002.04906546	27520.5756759299	0.3843955424817	H03
56002.05152427	27521.0215770436	0.3837404068241	H03
56002.05397707	27521.317578489998	0.3840047297608	H03
56002.05642663	27518.7526934819	0.3819415747009	H03
56002.05888023	27519.4212190999	0.3644475486418	H03
56002.06133836	27520.1477396404	0.395890880973	H03
56002.06378745	27519.9520175691	0.3864832062325	H03
56002.06624303	27520.2156649912	0.3688110091223	H03
56002.06869918	27519.4037635914	0.3788814412732	H03
56002.07115336	27517.703054876998	0.3860655983341	H03
56002.07360257	27520.2656892081	0.4131321387637	H03
56002.07606127	27520.194745598703	0.4186851817386	H03
56002.07851291	27520.698029995197	0.4044604800266	H03
56002.08097231	27519.5065895775	0.3948614919946	H03
56002.08342163	27520.3253748156	0.4047225895527	H03
56002.08587617	27520.2385025892	0.3940575552166	H03
56002.08832954	27520.7859777954	0.4541431110417	H03
56002.09078315	27520.3087932408	0.4199417548752	H03
56002.0932319	27517.9944351521	0.3970478156811	H03
56002.09568654	27517.929096070202	0.3727073737646	H03
56002.09814455	27519.1940961233	0.3868388493048	H03
56002.10059387	27519.129976091703	0.4460299778117	H03
56002.10305188	27518.666613102	0.452062991899	H03
56002.10550167	27519.116315964202	0.3980658270985	H03
56002.10795447	27520.7984601675	0.4242057108599	H03
56002.11041386	27519.8416901788	0.4539063764197	H03
56002.11286272	27518.3465591895	0.4333928964332	H03
56002.11532131	27517.9689752208	0.4341232782974	H03
56002.11776901	27519.2312793452	0.4464677373975	H03
56002.12022273	27518.8734194189	0.4975701315396	H03
56002.12268132	27518.2131817788	0.4449625170601	H03
56002.12513435	27518.7672454974	0.4573221267488	H03
56002.12758437	27518.3587399161	0.4997693438685	H03
56002.13004203	27517.0879069373	1.4176186684342	H03
56002.13249147	27519.7296564653	0.4045664906708	H03
56002.13495051	27518.2194598684	0.4090455271005	H03
56574.049368	39.791708	1.920194	Apf
56577.964103	43.061333	2.026137	Apf
56577.965585	43.473951	1.917370	Apf
56577.967067	40.712101	1.963576	Apf
56578.049968	42.045256	1.767991	Apf
56578.051299	38.666504	1.989219	Apf
56578.052630	33.464948	1.859519	Apf
56582.018768	-45.820454	2.032030	Apf
56582.020088	-51.841222	1.866783	Apf
56582.021349	-51.645178	1.944613	Apf
56582.972852	-63.049049	1.984694	Apf
56582.974195	-61.589074	2.003745	Apf
56582.975491	-63.076420	2.189156	Apf
56583.939947	-69.951188	1.960111	Apf
56583.941429	-69.788692	2.020919	Apf
56583.942945	-73.598883	1.965779	Apf
56588.889697	52.547024	2.152837	Apf
56588.891109	56.597055	2.173454	Apf
56588.892487	52.959629	2.008426	Apf
56589.945807	70.663631	1.949897	Apf
56589.947022	73.036412	2.044087	Apf
56589.948238	77.969410	2.069560	Apf
56590.037240	77.145145	2.067138	Apf
56590.038409	77.144740	1.897174	Apf
56590.039566	79.595079	1.995916	Apf
56591.009592	82.092768	1.874530	Apf
56591.010830	85.123178	2.014165	Apf
56591.012104	86.154857	1.925317	Apf
56591.917320	68.178957	2.102591	Apf
56591.918639	62.363211	2.035384	Apf
56591.919936	65.120979	1.961635	Apf
56597.939926	-73.715616	1.835491	Apf
56597.941419	-73.546046	1.940953	Apf
56597.942924	-73.295430	2.080916	Apf
56606.867026	47.038268	2.143444	Apf
56606.868647	45.181429	1.822130	Apf
56606.870464	48.563114	2.031136	Apf
56607.066606	49.808367	2.026785	Apf
56607.068110	54.857444	1.925088	Apf
56607.069349	51.850623	1.829386	Apf
56607.910773	33.767207	2.001316	Apf
56607.912104	32.246664	2.077953	Apf
56607.913424	31.667004	2.105501	Apf
56608.080199	17.428274	1.757677	Apf
56608.081461	19.932505	1.871607	Apf
56608.082803	24.120219	2.013641	Apf
56610.989112	-64.896076	1.740505	Apf
56610.990559	-67.018442	1.928478	Apf
56610.991960	-59.464412	2.036639	Apf
56619.033254	56.416066	1.834712	Apf
56619.878852	53.130351	2.426952	Apf
56620.030995	56.247374	1.936951	Apf
56622.871596	17.786176	2.258869	Apf
56622.875300	17.099772	2.191851	Apf
56622.877846	14.763418	2.064025	Apf
56624.916682	-32.579312	1.903854	Apf
56624.918604	-29.679233	1.946213	Apf
56624.920571	-37.130436	1.876431	Apf
56626.831615	-64.875057	2.228191	Apf
56626.833027	-64.742913	2.153439	Apf
56626.834463	-66.637196	2.092358	Apf
56626.990332	-60.344647	2.030857	Apf
56626.991536	-63.132871	1.956196	Apf
56626.992717	-56.744392	2.045588	Apf
56628.841877	-62.705177	1.846285	Apf
56628.844967	-60.302791	1.875991	Apf
56628.848278	-59.142984	1.828127	Apf
56629.020364	-51.669141	2.002753	Apf
56629.022413	-43.069099	1.824046	Apf
56629.024126	-48.941716	1.810162	Apf
56631.795163	15.279028	2.370573	Apf
56631.966832	7.473609	2.373023	Apf
56632.805290	69.483544	1.661358	Apf
56633.000791	65.529149	1.610527	Apf
56647.791512	56.723720	1.696366	Apf
56647.984197	53.120924	1.570657	Apf
56648.756015	59.318912	2.151198	Apf
56648.759835	61.236766	1.816857	Apf
56648.764106	59.057277	2.041930	Apf
56649.008298	73.737236	1.912633	Apf
56649.010393	71.733870	2.030287	Apf
56649.012604	69.190940	2.042148	Apf
56662.968422	59.730939	2.064433	Apf
56662.969845	64.022600	1.986379	Apf
56662.971292	62.978581	2.172474	Apf
56663.077130	69.877718	2.095794	Apf
56663.078762	67.558946	2.162787	Apf
56663.080370	71.570040	2.150568	Apf
56663.865933	76.468033	2.121347	Apf
56663.867275	77.616604	1.999486	Apf
56663.868629	74.643002	2.020084	Apf
56667.923212	-9.389474	2.013941	Apf
56667.925006	-11.826270	2.025324	Apf
56667.926962	-8.648284	2.006841	Apf
56668.106388	-1.649523	2.085419	Apf
56668.109502	-6.216784	2.238445	Apf
56668.112199	1.799121	2.142475	Apf
56674.927934	19.610086	1.831306	Apf
56674.929716	14.413504	1.851129	Apf
56674.931510	12.496340	1.882792	Apf
56675.105553	8.173506	1.857261	Apf
56675.108180	11.410331	1.937676	Apf
56675.110969	7.051899	1.846409	Apf
56675.872696	36.746759	1.929113	Apf
56675.874108	36.216327	2.000569	Apf
56675.875520	37.077574	2.008788	Apf
56676.038995	39.308583	1.992085	Apf
56676.040535	39.245858	2.160842	Apf
56676.042097	31.485414	1.841981	Apf
56678.911352	83.151361	1.919507	Apf
56678.912914	76.483238	1.983534	Apf
56678.914430	74.135864	1.981458	Apf
56679.878573	79.944344	1.557189	Apf
56680.063077	83.943764	2.081741	Apf
56680.065936	89.617736	2.036533	Apf
56680.069397	85.894458	2.017084	Apf
56682.879719	11.679625	2.807663	Apf
56682.883411	1.802975	2.949105	Apf
56682.887497	7.112271	2.374290	Apf
56683.865638	-25.162271	2.119276	Apf
56683.867351	-25.258437	2.326310	Apf
56683.869052	-22.977284	2.051687	Apf
56689.869400	6.525747	1.816746	Apf
56689.995997	6.206212	1.847145	Apf
56693.835598	76.484288	1.671619	Apf
56693.847403	74.481875	1.570423	Apf
56703.005030	-36.969021	2.113036	Apf
56705.790324	40.843564	2.098287	Apf
56705.815208	42.166724	1.424932	Apf
56706.030501	38.046707	1.710895	Apf
56708.982396	58.803214	2.271986	Apf
56709.965656	45.482992	1.872607	Apf
56712.789691	-29.968082	2.209159	Apf
56712.790964	-27.639248	2.160684	Apf
56712.792260	-34.446160	2.101630	Apf
56712.965655	-25.328366	2.358670	Apf
56712.967160	-26.596174	2.320731	Apf
56712.968676	-29.271461	2.292562	Apf
56724.754075	56.692244	2.224781	Apf
56724.755857	63.331321	2.316778	Apf
56724.757605	57.651807	2.221646	Apf
56724.941216	60.422001	1.865260	Apf
56725.748943	35.111764	2.501737	Apf
56725.752774	41.826002	2.222068	Apf
56725.755077	37.238145	2.186341	Apf
56728.761456	-49.003052	1.761257	Apf
56728.917823	-54.186152	2.403826	Apf
56731.653700	-33.123999	2.055126	Apf
56731.712226	-38.339908	2.074305	Apf
56731.836106	-40.066673	2.083043	Apf
56732.742743	-17.877300	2.351716	Apf
56740.744717	-2.527429	2.079377	Apf
56741.642747	-36.097148	2.142761	Apf
56745.678814	-68.089978	2.182110	Apf
56745.742559	-73.498743	2.200524	Apf
56753.647053	60.492040	1.969513	Apf
56753.749983	64.442814	2.108981	Apf
56754.649485	32.563504	2.294511	Apf
56754.651244	27.444185	2.057184	Apf
56754.653107	29.711886	2.343959	Apf
56757.662322	-60.601451	2.192448	Apf
56757.664035	-58.597934	2.117501	Apf
56757.665794	-55.161384	2.222899	Apf
56758.744109	-59.056829	1.989351	Apf
56761.655098	-27.649333	1.599092	Apf
56761.718958	-18.072219	1.696746	Apf
56765.703406	79.999680	1.696554	Apf
56766.716515	83.542450	1.670940	Apf
56777.668453	2.978023	2.314671	Apf
56780.692558	68.109989	1.579139	Apf
56784.693874	3.032998	2.036635	Apf
56784.742006	5.515298	1.720676	Apf
56789.673862	-65.670662	1.724833	Apf
56789.734655	-59.650975	1.670315	Apf
56792.698729	20.021010	2.075480	Apf
56793.713195	29.929688	1.941626	Apf
56796.705583	57.280270	1.805171	Apf
56796.711277	52.405468	1.931562	Apf
56924.998966	7.644897	1.686401	Apf
56936.039491	-66.966992	1.668342	Apf
56940.005577	48.328209	1.558666	Apf
56941.942017	70.075918	1.652519	Apf
56949.917366	-65.576809	1.827280	Apf
56973.058876	54.695373	1.509630	Apf
56985.857389	74.477642	2.590546	Apf
56985.860364	75.598865	2.318297	Apf
56985.985121	71.600152	2.146793	Apf
56985.987667	72.380199	2.109981	Apf
57026.926159	18.169308	1.536749	Apf
57052.811275	-79.514500	1.515912	Apf
57127.666936	-50.645515	1.656858	Apf
57132.741024	58.161599	1.559226	Apf
57138.723062	-71.335403	2.128102	Apf
57142.740415	-46.595914	2.192917	Apf
57142.742105	-49.259454	1.894008	Apf
57142.743748	-45.640909	1.946439	Apf
57170.729080	-66.800446	1.754096	Apf
57170.731140	-67.550969	1.798761	Apf
57170.733257	-65.522442	1.843259	Apf
57275.024971	-35.652456	2.447831	Apf
57275.027078	-40.920219	2.371538	Apf
57275.029219	-35.680276	2.447000	Apf
57283.987958	-41.999041	2.372758	Apf
57283.990690	-32.995230	2.810118	Apf
57283.993479	-41.352221	2.654504	Apf
57287.039515	-75.161142	2.138305	Apf
57287.041379	-79.384572	2.273738	Apf
57287.043161	-80.207448	2.303095	Apf
57290.965064	-0.322713	2.420358	Apf
57290.967043	6.851826	2.491282	Apf
57290.968965	6.583409	2.531021	Apf
57305.957411	22.905178	2.212741	Apf
57305.958685	28.590328	2.114819	Apf
57305.959970	27.784566	2.396715	Apf
57308.917755	67.997329	2.581171	Apf
57308.919283	67.254734	2.669740	Apf
57308.920823	65.819155	2.617849	Apf
57318.941226	-51.401538	2.389290	Apf
57318.942673	-52.962718	2.366514	Apf
57318.944085	-58.235331	2.297938	Apf
57321.870517	26.131775	1.808703	Apf
57321.885762	22.717923	2.524383	Apf
57321.887359	29.938353	2.582136	Apf
57321.889165	20.883677	2.503165	Apf
57333.079523	-62.074797	2.045628	Apf
57335.031740	1.085564	1.965817	Apf
57335.033129	-5.706045	1.755542	Apf
57335.034460	-5.434072	2.024346	Apf
57337.965045	53.026596	1.485102	Apf
57341.025479	3.158213	1.779195	Apf
57341.026833	1.521449	1.795444	Apf
57341.028176	0.215163	1.991098	Apf
57345.072031	-76.037336	1.623360	Apf
57348.958432	-15.058493	1.843495	Apf
57348.960110	-12.515613	1.886368	Apf
57348.961719	-14.616624	1.842615	Apf
57354.785272	32.202821	2.430465	Apf
57354.923629	15.472747	1.609743	Apf
57355.018984	11.624233	2.195364	Apf
57355.020605	14.479597	2.414156	Apf
57355.022249	9.523237	2.354413	Apf
57356.987129	-32.507939	2.314752	Apf
57356.988460	-32.154023	2.340134	Apf
57356.989849	-34.722054	2.298833	Apf
57362.004548	-70.188257	2.040767	Apf
57362.006284	-67.923583	1.868532	Apf
57362.008911	-65.108770	2.015668	Apf
57362.925709	-44.828454	1.860221	Apf
57364.986809	16.010553	2.286844	Apf
57364.988210	10.305603	2.209566	Apf
57364.989599	14.370515	2.262660	Apf
57415.794830	-44.652441	1.604929	Apf
57424.842639	50.157473	3.043897	Apf
57426.794343	59.559673	2.225080	Apf
57426.795917	63.501271	2.100066	Apf
57426.797480	66.837807	2.112839	Apf
57427.802449	33.988572	2.970721	Apf
57427.803873	39.725796	2.795402	Apf
57427.805308	40.583140	2.903231	Apf
57429.813529	-4.866961	2.089145	Apf
57429.815277	-4.835052	1.998645	Apf
57429.817302	-3.779815	1.999524	Apf
57432.758593	-67.899593	1.735773	Apf
57432.787400	-69.999987	2.497389	Apf
57432.788719	-71.779924	2.483524	Apf
57432.789981	-68.271846	2.305457	Apf
57669.930963	-53.879483	1.932907	Apf
57680.066451	-77.112929	1.555925	Apf
57682.904665	-112.309636	1.769646	Apf
57697.045728	-95.516878	1.589824	Apf
57701.074571	-10.679433	1.590478	Apf
57702.076451	16.072861	2.205882	Apf
57704.083613	55.772602	1.545784	Apf
57706.040629	48.900360	1.447893	Apf
57707.962467	-18.277089	1.663320	Apf
57718.016216	37.102521	1.522661	Apf
57728.029505	-76.117022	1.618479	Apf
57729.017246	-53.783817	2.170964	Apf
57743.935400	-35.284426	1.739840	Apf
57750.055943	41.936749	1.719911	Apf
57751.946178	-10.963437	2.235698	Apf
57780.815293	-2.757285	1.811006	Apf
57796.770421	-36.084261	1.807526	Apf
57814.767185	-99.240037	1.743318	Apf
57815.786435	-76.989024	1.598717	Apf
57823.714091	29.054552	1.874439	Apf
57829.667891	-78.039861	2.075586	Apf
57829.704058	-75.568249	1.931481	Apf
57847.718999	-14.900379	1.810338	Apf
57853.677763	-19.496838	1.850774	Apf
57858.707083	-104.969468	1.602150	Apf
57866.687580	43.361973	2.035700	Apf
57873.695592	-90.670672	1.750074	Apf
57882.721065	24.109933	1.821221	Apf
58022.991564	-23.354413	1.692843	Apf
58027.972802	43.318127	1.815692	Apf
58032.975995	-88.721800	1.561874	Apf
58041.925525	56.175588	2.063025	Apf
58045.942900	-50.306111	1.776181	Apf
58109.912446	-53.951834	2.005680	Apf
58115.814499	33.948574	1.837525	Apf
58119.914975	-61.733344	1.998803	Apf
58129.854928	41.056386	1.831347	Apf
58131.799588	17.651697	1.757344	Apf
58131.869289	10.640144	1.819699	Apf
58131.881628	13.179442	1.770183	Apf
58152.810599	-77.702621	1.776180	Apf
58152.834407	-75.871853	2.081931	Apf
58165.910759	-106.850132	1.898166	Apf
58385.977388	-83.950694	1.913462	Apf
58387.969249	-48.520853	1.810405	Apf
58400.984184	-73.528190	1.801683	Apf
58414.914336	-74.935226	1.742777	Apf
58418.932472	12.515015	1.839661	Apf
58508.813038	74.268937	1.687896	Apf
58761.993593	51.301032	2.838738	Apf
58761.995005	55.143114	2.489172	Apf
58761.996441	54.076573	2.436078	Apf