JD–2400000	VRad(m s-1)	sVRAD(m s-1)	group
53287.13674473	5518.84831998586	1.29254098833059	H03
53287.13779241	5519.640672738111	1.36751885143314	H03
53287.13884553	5517.40753131543	1.31704504118691	H03
53287.13990016	5524.38035544785	1.38739828817257	H03
53287.14095363	5522.223949471359	1.32885237077753	H03
53287.14201231	5529.635384821199	1.39312504831567	H03
53287.14306775	5525.14117388669	1.40875387879491	H03
53287.14412376	5524.358034284181	1.3598994831046	H03
53287.14517688	5516.10991304435	1.40661319786528	H03
53287.14622827	5523.6918996165605	1.37169346547922	H03
53296.17764955	5520.614118922231	1.07240349060555	H03
53296.17870903	5525.26067115772	1.05648789537538	H03
53296.17976828	5518.56369394599	1.09622516721724	H03
53296.18082799	5515.2020557506	1.10385520876974	H03
53296.18188735	5513.56532901814	1.0981940543885	H03
53296.18293387	5520.55125680136	1.08398451082451	H03
53296.18399115	5521.4927047746205	1.07220464658572	H03
53296.18504576	5520.5949878798	1.09952688090246	H03
53296.18610177	5520.1483237269995	1.12183864421779	H03
53296.18715592	5513.462579864559	1.1129509524902	H03
53297.18510063	5518.013481314641	1.02857398011167	H03
53297.18615524	5520.70385502005	0.975984143802757	H03
53297.18720986	5517.14988069352	0.983742759599734	H03
53297.188272	5521.592738375461	0.960018980141047	H03
53297.18932489	5522.64026610818	0.955195311673716	H03
53297.19038228	5521.20306606922	0.936819128058908	H03
53297.19143377	5523.63503791382	0.976207273016069	H03
53297.19249545	5521.28039459663	1.02173190704585	H03
53297.19354474	5514.494135849661	0.981767274057886	H03
53297.19461417	5517.90942191303	0.965299984057788	H03
53298.19541039	5516.0336891016495	1.00941696200188	H03
53298.19690487	5520.0130374194505	0.96189912004464	H03
53298.19839112	5519.11443123719	0.96489836253285	H03
53298.19987321	5526.062492447059	1.0043746921369	H03
53298.2013597	5525.0089579741	0.9427609504036	H03
53298.20284295	5516.69704284429	0.942352460517667	H03
53298.20432573	5514.24307991934	0.945913836506742	H03
53298.20583907	5521.76179352598	0.945227612611843	H03
53298.20732093	5525.072205718499	0.904548696181829	H03
53298.20881182	5520.60764124921	0.981132541535745	H03
56082.38790745	5485.31104972802	0.848755931800973	H03
56082.39348727	5487.33875204549	0.771044141789078	H03
56087.40541865	5493.77438402335	0.634403519453379	H03
56087.41099882	5498.39281790854	1.14895189474212	H03
56118.40958126	5490.207996702819	0.301710732161271	H03
56150.32017287	5508.92002819523	0.554260609626754	H03
56172.29606221	5541.21834179383	0.510013789707595	H03
56172.30165712	5542.61305790211	0.515410913431617	H03
56204.23367997	5559.508666582419	0.361160190650053	H03
56250.01135756	5538.9688490116405	0.441679702108897	H03
56250.01693059	5539.53434291332	0.477393929145586	H03
56292.05466144	5533.83576140885	0.343980971593041	H03
58409.05753887	5719.176655563891	0.543192363999689	H15
58411.98758187	5717.11110221562	0.502090712238483	H15
58413.14366302	5717.090128629119	0.606332703496104	H15
58467.01573121	5707.14125377141	0.488503277300878	H15
58467.02095498	5706.83493377226	0.511599538786105	H15
58468.01762647	5705.68818207627	0.41391832992856	H15
58468.02284932	5703.158963805229	0.396841519022963	H15
58469.02087539	5706.0578586176	0.430080876259398	H15
58469.02609858	5704.3400201043105	0.417045691862572	H15
58471.01619479	5701.8273329206195	0.468962079746909	H15
58471.02141741	5703.61878963859	0.47337188804698	H15
58617.43248216	5716.12860855336	0.513390432127353	H15
58617.43632322	5714.54085625179	0.518304479314017	H15
58691.2504415	5747.69067492231	0.540647762727574	H15
58691.25601321	5749.84165237462	0.500966572568385	H15
50830.95872	28.77	3.17	AAT
51121.01944	35.92	3.56	AAT
51385.3087	81.18	7.88	AAT
51385.31278	86.97	8.85	AAT
51411.20252	74.47	6.3	AAT
51473.08503	32.93	3.32	AAT
51525.92509	53.02	3.99	AAT
51526.95178	49.33	3.91	AAT
51526.9541	40.66	4.2	AAT
51683.33138	85.37	3.77	AAT
51743.27654	84.26	3.39	AAT
51745.26417	89.67	5.53	AAT
51767.2699	62.85	3.63	AAT
51768.25417	65.09	3.16	AAT
51828.06072	39.36	3.89	AAT
51856.06429	11.	5.49	AAT
51856.92498	45.25	7.41	AAT
51918.94072	54.48	3.8	AAT
52061.29448	82.86	4.79	AAT
52061.29858	84.42	4.89	AAT
52092.26831	68.98	3.34	AAT
52093.28756	58.35	3.28	AAT
52127.22295	33.56	4.08	AAT
52128.15455	41.38	3.89	AAT
52130.24334	34.35	3.6	AAT
52151.21126	30.57	2.92	AAT
52152.07857	35.51	3.66	AAT
52154.14991	30.32	5.6	AAT
52154.15685	26.32	4.28	AAT
52187.09998	32.51	2.95	AAT
52188.03596	29.6	2.95	AAT
52189.01701	2.63	5.3	AAT
52189.02122	30.93	3.58	AAT
52189.9852	20.57	6.26	AAT
52190.00714	34.93	3.22	AAT
52423.32977	57.3	3.14	AAT
52425.33759	38.61	3.3	AAT
52456.32088	14.29	3.49	AAT
52477.24794	24.45	3.46	AAT
52511.09845	36.65	3.36	AAT
52654.91588	58.69	4.61	AAT
52784.32722	35.85	3.47	AAT
52857.23029	21.98	4.28	AAT
52857.23795	21.69	4.09	AAT
52857.2456	26.98	3.96	AAT
52861.30634	23.27	5.01	AAT
52946.03964	27.96	3.8	AAT
53007.97796	34.96	3.96	AAT
53041.9541	71.81	4.62	AAT
53042.90882	64.97	5.02	AAT
53215.27726	-8.67	3.6	AAT
53215.28145	-7.71	3.72	AAT
53243.28286	5.18	3.74	AAT
53244.22676	-0.34	3.98	AAT
53246.09313	4.66	4.46	AAT
53246.0962	1.81	4.	AAT
53281.13767	-1.14	3.66	AAT
53509.33002	-0.2	3.45	AAT
53509.33425	7.12	3.56	AAT
53509.33847	4.19	3.54	AAT
53516.32493	13.59	4.63	AAT
53516.32915	-4.04	4.51	AAT
53516.33339	-3.7	4.98	AAT
53516.33763	0.83	4.68	AAT
53570.29483	-21.55	4.05	AAT
53570.29872	-23.58	3.96	AAT
53570.30295	-16.79	3.44	AAT
53570.30718	-16.94	3.59	AAT
53576.21403	-16.37	3.53	AAT
53576.21826	-7.51	3.19	AAT
53576.2225	-5.24	3.35	AAT
53576.22672	-13.42	3.36	AAT
53579.26894	-12.72	3.3	AAT
53579.27317	-13.87	3.41	AAT
53579.2774	-5.75	3.41	AAT
53579.28163	-11.88	3.39	AAT
53632.19189	-41.55	3.5	AAT
53632.19558	-41.37	3.82	AAT
53632.19927	-45.05	3.71	AAT
53632.20299	-41.01	3.9	AAT
53942.21014	-37.31	2.95	AAT
53942.21554	-30.67	2.74	AAT
53942.22094	-33.97	3.43	AAT
53942.22633	-36.68	4.68	AAT
54008.11987	-24.42	3.76	AAT
54008.12353	-19.03	3.72	AAT
54008.12719	-32.67	3.86	AAT
54013.13358	-4.53	3.02	AAT
54013.13839	-16.52	3.07	AAT
54013.14321	-15.03	2.89	AAT
54016.18049	-15.06	2.94	AAT
54016.18589	-22.45	3.3	AAT
54016.19129	-30.43	3.7	AAT
54038.09567	-11.87	3.46	AAT
54038.0999	-16.79	3.66	AAT
54038.10411	-16.25	3.52	AAT
54038.10833	-6.52	3.57	AAT
54120.92108	22.11	3.53	AAT
54120.92529	17.37	3.46	AAT
54120.92951	26.49	3.81	AAT
54255.25735	-35.77	4.13	AAT
54255.26039	-39.3	4.3	AAT
54255.26346	-25.23	4.37	AAT
54334.12468	-47.66	4.78	AAT
54334.13005	-46.74	4.19	AAT
54334.13543	-40.98	4.41	AAT
54374.13871	-29.8	3.62	AAT
54374.14294	-19.91	3.75	AAT
54374.14714	-25.48	3.61	AAT
54428.92197	-6.57	4.44	AAT
54428.92733	-6.5	5.69	AAT
54428.93387	7.05	4.71	AAT
54428.94155	-0.08	4.56	AAT
54428.94924	-4.13	3.12	AAT
54428.95692	-12.65	3.58	AAT
54780.09897	-3.76	3.03	AAT
54780.10558	-1.65	3.11	AAT
54780.11213	-7.56	3.19	AAT
54780.11867	-5.09	3.17	AAT
55076.27792	-61.01	3.91	AAT
55076.2833	-58.25	3.55	AAT
55076.2887	-62.03	3.48	AAT
55101.11333	-21.42	4.21	AAT
55170.90643	-6.98	3.53	AAT
55170.91295	-12.17	3.75	AAT
55170.91951	-7.55	3.47	AAT
55376.32957	-90.22	3.85	AAT
55377.32403	-89.6	5.11	AAT
55377.32764	-86.88	4.62	AAT
55377.33116	-84.62	4.43	AAT
55401.20175	-58.21	3.98	AAT
55401.20713	-58.9	3.7	AAT
55401.21258	-66.33	4.02	AAT
55428.24374	4.95	8.64	AAT
55428.24895	-13.94	6.26	AAT
55428.25389	-33.74	6.58	AAT
55457.1275	-13.44	4.62	AAT
55457.134	-20.04	4.19	AAT
55457.14021	-16.47	4.42	AAT
55518.99307	22.41	3.82	AAT
55518.99962	34.91	3.91	AAT
55519.00617	27.98	3.98	AAT
55521.00295	14.92	4.29	AAT
55521.01051	10.72	4.56	AAT
55521.01823	8.56	4.61	AAT
55751.30731	-35.56	5.97	AAT
55751.31156	-42.33	6.46	AAT
55751.3158	-42.9	6.46	AAT
55757.23169	0.	8.88	AAT
55757.23591	-33.85	10.45	AAT
55757.24015	-54.98	6.48	AAT
55757.24439	-33.51	4.81	AAT
55757.24861	-17.67	5.36	AAT
55757.25285	-27.05	8.8	AAT
55786.24183	14.14	7.37	AAT
55786.24765	-12.86	6.81	AAT
55786.25383	-6.24	6.02	AAT
55786.25972	-4.29	6.28	AAT
55788.32572	-7.62	4.63	AAT
55788.33225	-27.09	4.58	AAT
55845.10086	11.58	4.44	AAT
55845.10631	13.77	4.47	AAT
55845.11166	17.65	4.34	AAT
55874.02678	17.11	4.98	AAT
55874.03277	15.2	4.95	AAT
55874.03826	17.36	6.02	AAT
55874.97612	10.28	4.81	AAT
55874.98142	34.01	7.14	AAT
55874.99045	7.27	8.3	AAT
55897.90581	6.35	4.06	AAT
55897.91084	4.08	3.81	AAT
55897.91594	9.	4.02	AAT
56086.29624	-41.02	4.58	AAT
56086.30711	-42.92	4.07	AAT
56086.31302	-41.66	4.06	AAT
56135.32237	-26.52	4.39	AAT
56135.32998	-14.32	4.24	AAT
56135.33779	-14.75	4.51	AAT
56140.26968	-27.45	5.04	AAT
56140.27278	-17.57	5.95	AAT
56140.27587	-1.38	6.	AAT
56498.26778	15.82	5.9	AAT
56498.27128	9.78	5.43	AAT
56498.27484	18.29	5.98	AAT
56556.10505	46.25	4.5	AAT
56556.11037	38.27	4.56	AAT
56556.11574	37.38	4.68	AAT
56794.32811	-12.16	4.24	AAT
56794.33235	-27.35	4.12	AAT
56939.10906	57.19	4.73	AAT
56939.11553	75.8	5.61	AAT
56939.12201	70.72	5.74	AAT
56939.12872	66.23	5.59	AAT
56968.95309	77.43	4.79	AAT
56968.95959	77.51	3.92	AAT
56968.96724	88.6	4.04	AAT
57051.9235	82.73	4.98	AAT
57051.92892	61.72	4.91	AAT
57051.93432	62.25	5.16	AAT
57232.29578	100.57	5.68	AAT
57232.30169	88.84	5.47	AAT
57348.01774	87.79	9.54	AAT
57348.02285	101.91	10.56	AAT
57348.02762	88.41	11.69	AAT
55791.80536	-181.3	3.01	MIKE
55791.80737	-179.08	2.82	MIKE
56139.78028	-173.49	2.82	MIKE
56139.78295	-171.11	3.02	MIKE
56146.85	-137.1	6.21	MIKE
56146.8579	-156.84	4.51	MIKE
56148.8229	-174.13	2.97	MIKE
56173.76616	-150.03	3.25	MIKE
56502.86288	-138.43	3.06	MIKE
56502.86528	-138.55	3.49	MIKE
56607.61563	-106.71	3.47	MIKE
56607.61852	-106.91	3.56	MIKE
57028.54647	-99.63	3.6	MIKE
57259.83538	-50.08	2.92	MIKE
57385.52208	-50.19	3.21	MIKE
57385.5237	-55.44	3.49	MIKE
57385.52534	-58.13	3.1	MIKE
57619.80235	8.77	2.62	MIKE
58707.85665	44.04	2.91	MIKE
58707.8597	51.64	2.94	MIKE
58707.8636	45.88	2.57	MIKE
58740.69472	17.41	3.49	MIKE
58740.69642	13.95	3.49	MIKE
58740.69806	20.49	3.83	MIKE
58740.6997	21.32	3.77	MIKE
58740.70135	15.94	3.82	MIKE
58769.6178	20.34	3.37	MIKE
58769.61991	19.99	3.71	MIKE
58769.62174	13.91	3.58	MIKE
58769.6237	24.42	3.67	MIKE
59446.733	3.08	3.34	MIKE
59446.73475	0.86	3.27	MIKE
59446.73632	0.	3.39	MIKE
59446.73818	0.23	3.43	MIKE
59446.74022	0.24	3.24	MIKE